External_files/Climatic_data/REF/SUNSHINE/CRU_SUN_REF_12.asc
NCOLS 66 
NROWS 34 
XLLCORNER 2.0833 
YLLCORNER 42.16666678 
CELLSIZE 0.08333333 
NODATA_value -9999 
[rows 0 to 26 of 34, columns 0 to 61 of 66]
30.049924990000001 30.2780262279164 30.5523317731942 30.826637318472 31.1977790949995 31.5797235255551 31.9521262240973 32.3149734314585 32.662251941737 32.8688491532648 33.0754463647925 33.2747556659029 33.470936213264 33.6717986262513 33.8836041698624 34.0954097134735 34.1119810293746 34.1067726972913 34.16662156 34.291621555 34.4242328761116 34.6256217555561 34.8270106350005 34.8668509132638 34.8373370259027 34.7511206237493 34.5323706345826 34.3136206454159 34.0605094466672 33.8035650111116 33.5578971443761 33.3235221506261 33.1088673164587 33.072408983542 33.0359506506254 33.4428396786131 34.0400618713909 34.6731782622903 35.3901921263181 36.1072059903459 36.2947451837483 36.4232174056927 36.3756018189602 36.1516434893769 36.1738399993043 38.4203676906932 40.6668953820821 41.9344155927768 42.7816377838879 43.4270204749995 43.6006315805551 43.7742426861106 43.761991102707 43.7290049967347 43.8512882794454 -9999 -9999 -9999 -9999 -9999 -9999 -9999
30.291591655 30.5186524750015 30.7894857933348 31.0603191116682 31.3733230531239 31.6910313768739 32.0425694720841 32.4279861212508 32.8092511170871 33.1530010929204 33.4967510687538 33.7384702870826 33.9363869479159 34.1701979193739 34.4879062431239 34.8056145668739 34.837499965003 34.8374999566697 34.8869434235398 34.9859017581231 35.1004287139587 35.3556370360421 35.6108453581254 35.6547043822913 35.607829385208 35.4954083593769 35.2297833647936 34.9641583702102 34.7547608081254 34.5516358152087 34.3823405329159 34.2469238737493 34.1281136637523 34.1593636562523 34.1906136487523 34.7101530799955 35.4393197299955 36.1216678612493 36.6945845070826 37.2675011529159 37.3531136612553 37.384363645422 37.3999999358364 37.399999927503 37.59564371978 39.5591853401967 41.5227269606133 42.6335846247913 43.3783762627079 43.949939667503 44.1166063191697 44.2832729708364 44.1594315562508 44.0031815604174 44.1149664372921 44.4951747543754 44.8795346439587 45.3014096260421 -9999 -9999 -9999 -9999
30.41659165 30.6644607983358 31.0047385555581 31.3450163127803 31.6181334693731 31.8837584639565 32.2265847334735 32.6467236020846 33.0765496584785 33.593910731534 34.1112718045896 34.380843888471 34.5440383298599 34.7379250081231 35.0035500027064 35.2691749972898 35.4207831833383 35.5596720527828 35.635238596733 35.6473913827052 35.6854918707645 35.9580613025701 36.2306307343756 36.2675578463188 36.2033217395133 36.1047519964615 35.9259325504892 35.747113104517 35.5620461727089 35.3762822895145 35.1983252648599 35.0281863862487 34.8884926645871 35.0239093154204 35.1593259662537 35.5643950083258 36.0852283416591 36.6112637270821 37.149458153471 37.6876525798599 37.9884424087588 38.2627479290366 38.4693941013939 38.6082829708383 38.8753522654666 40.3006994844944 41.7260467035222 42.6631047954855 43.3905353236799 43.991556057505 44.2971115869495 44.6026671163939 44.5240023020846 44.4024745256957 44.5403073546534 44.937876781459 45.3395977807645 45.7788338725701 46.2180699643756 -9999 -9999 -9999
30.541591645 30.8102691216702 31.2199913177813 31.6297135138924 31.8629438856224 32.076485551039 32.4105999948629 32.8654610829184 33.3438481998699 34.0348203701477 34.7257925404254 35.0232174898594 35.1516897118038 35.3056520968724 35.519193762289 35.7327354277057 36.0040664016737 36.2818441488959 36.3835337699262 36.3088810072873 36.2705550275703 36.5604855690981 36.8504161106259 36.8804113103464 36.7988140938186 36.7140956335461 36.622081736185 36.5300678388239 36.3693315372926 36.2009287638203 36.0143099968038 35.8094488987483 35.648871665422 35.8884549745886 36.1280382837553 36.4186369366561 36.7311369533228 37.1008595929149 37.6043317998594 38.1078040068038 38.6237711562623 39.1411322126512 39.5387882669515 39.8165660141737 40.1550608111533 41.0422136287922 41.9293664464311 42.6926249661797 43.4026943846519 44.033172447507 44.4776168547293 44.9220612619515 44.8885730479184 44.801767490974 44.9656482720148 45.3805788085426 45.7996609175703 46.2562581190981 46.7128553206259 46.9070884146537 -9999 -9999
30.6447053937523 30.9326680793739 31.3337097331239 31.7347513868739 32.0186524250045 32.2894857350045 32.6461946331239 33.0889029518739 33.5689761406329 34.3866844193829 35.2043926981329 35.5155911212478 35.6093411237478 35.7421066781261 35.9660649993761 36.1900233206261 36.474894725 36.76656138 36.9255113456329 36.9515529893829 36.9962769831194 37.2098186568694 37.4233603306194 37.4401285056262 37.3724201718762 37.3047118381262 37.2370035043762 37.1692951706262 37.1109580581329 37.0536663718829 36.9365221312523 36.7594387987523 36.6280232037523 36.9092731862523 37.1905231687523 37.4899929081262 37.7972845593762 38.1342279437433 38.5404779462433 38.9467279487433 39.4045197306194 39.8680613943694 40.2457277175 40.5373943725 40.8690201081149 41.5617284418648 42.2544367756148 42.9252814056216 43.5867397218716 44.1779703762477 44.6050536987477 45.0321370212477 45.1405985537613 45.2135151862613 45.458182335 45.874848985 46.2925535287478 46.7196368512477 47.1467201737478 -9999 -9999 -9999
30.745387333475 31.0524659922903 31.4361465363181 31.8198270803458 32.1644607400055 32.5047384888944 32.8875203224292 33.3128675314569 33.7894184516068 34.7286544984124 35.667890545218 35.9912980626361 36.0503258456917 36.1639754018764 36.4052948328486 36.6466142638208 36.93322804 37.224894695 37.4445647071624 37.592134118968 37.7376277190903 37.8643638442292 37.9910999693681 37.9939416615986 37.9435944375708 37.893247213543 37.8428999895153 37.7925527654875 37.845289140218 37.9095252220235 37.8705373293083 37.7281762162527 37.6314828406972 37.9474550426416 38.2634272445861 38.5854727007652 38.9101254617375 39.2280155562417 39.5300989004084 39.832182244575 40.2014260893681 40.578162204507 40.9123943575 41.2040610125 41.5201182768625 42.0565766231125 42.5930349693625 43.1805085777042 43.7898835647875 44.3342329387472 44.7265940418028 45.1189551448583 45.3801190129305 45.6266467426527 45.958182315 46.374848965 46.7890938651361 47.1814549681917 -9999 -9999 -9999 -9999
31.1403305779942 31.4899658222933 31.8736463579877 32.2573268936822 32.6410074293766 33.0246879650711 33.433523971531 33.8675517229199 34.349323483456 35.2625179365115 36.1757123895671 36.5277375714019 36.6388486419575 36.8019804575065 37.0867026502843 37.3714248430621 37.65458518229 37.9375712865956 38.18325793 38.391591255 38.5952539893897 38.7567122756397 38.9181705618897 38.9800274604975 38.9991246503586 39.0156208087598 39.0260374479265 39.0364540870931 39.1265262868701 39.2254846297868 39.2255561172966 39.1265977743799 39.0672527372157 39.3658638544379 39.6644749716601 39.9691593372868 40.2764510052034 40.56657588 40.81657587 41.06657586 41.3681176443701 41.6754093122868 41.9575455819379 42.2144900341601 42.4940952589632 42.9784702260466 43.4628451931299 43.9800157245735 44.5112657304069 44.9904952412467 45.3481341248579 45.705773008469 46.0259269795801 46.3418991981912 46.6821593754069 47.0467427212402 47.4114990470123 47.7778184813178 -9999 -9999 -9999 -9999
31.8295354098011 32.2451678743769 32.6462095197936 33.0472511652102 33.4482928106269 33.8493344560436 34.2842058729205 34.7529558437538 35.2486915620646 35.9882749178979 36.7278582737313 37.1249097058484 37.3749096541817 37.6561220525076 38.0102886841742 38.3644553158409 38.6389664043732 38.9045913989565 39.141591225 39.34992455 39.569155905642 39.886864179392 40.204572453142 40.3983863173049 40.5390112752216 40.6718331362614 40.7864164337614 40.9009997312614 40.9546700231194 41.0015450368694 41.0015788993807 40.9547038856307 40.9353333083259 41.1644999866592 41.3936666649926 41.6410530943694 41.8962614331194 42.1499091500001 42.3999091400001 42.6499091300001 42.9045947506194 43.1598030893694 43.3811817541592 43.5686817674925 43.7909513643807 44.3274096606307 44.8638679568807 45.3238033687388 45.7508867162387 46.1467577637463 46.4696744279129 46.7925910920796 47.0780228437463 47.3592728429129 47.6301137312387 47.8905304187387 48.1597691952065 48.5087275197898 -9999 -9999 -9999 -9999
32.4593691936784 32.9342236929209 33.3543625531987 33.7745014134765 34.1977640125085 34.6213750830641 35.0814182356902 35.5779460054124 36.0838149897307 36.6740927202863 37.2643704508418 37.7052460003493 38.0819820904882 38.4712031581271 38.889605913266 39.3080086684049 39.5764715335438 39.8282076286827 40.0573905686784 40.2639877885395 40.4965327079968 40.9635465486912 41.4305603893856 41.7493867985481 42.0045951039647 42.2462780422938 42.4563474724327 42.6664169025716 42.6906234379209 42.6940956481987 42.6932307310353 42.6880224156186 42.6994205502019 42.8608788947853 43.0223372393686 43.2190204223654 43.4308259576432 43.6530356145791 43.8995633943013 44.1460911740235 44.358257755 44.56659108 44.7341553046549 44.8608914047938 45.0320841454039 45.6050008245705 46.1779175037372 46.5819978846506 46.9135950995118 47.2332276 47.524894255 47.81656091 48.0691807864562 48.3174446713173 48.5258069188216 48.6942096839605 48.8790457575 49.2123790775 49.5457123975 49.7284293019359 49.8464848763803 -9999
32.5548615513171 33.0279611870881 33.4828222668103 33.9376833465325 34.4269056575095 34.919961166954 35.3974029543008 35.8592085045786 36.3407344002873 37.0004565697317 37.6601787391762 38.1340591696552 38.5281563695163 38.9347385468774 39.3705024117385 39.8062662765996 40.0920902514607 40.3611874563218 40.5903829213171 40.779619031456 41.0051819220258 41.5590013113314 42.1128207006369 42.4941596364655 42.8014512710488 43.0848134077107 43.3122439475718 43.5396744874329 43.5968608620881 43.6350552918103 43.6255411739512 43.5682495293679 43.5275643347845 43.6369393502012 43.7463143656179 43.9516467326437 44.1981744873659 44.4342981354119 44.6461036956897 44.8579092559675 45.06659106 45.274924385 45.4511628853496 45.5952600952107 45.771705134569 46.2404551554024 46.7092051762357 47.0698513703448 47.3840874754837 47.691560915 47.98322757 48.274894225 48.5118953885393 48.7427981636782 48.951147836183 49.1369117110441 49.3373790725 49.6707123925 50.0040457125 50.138176673046 50.1867878086016 50.2489242537357
32.6503539089557 33.1216986812553 33.6112819804219 34.1008652795886 34.6560473025105 35.2185472508438 35.7133876729114 36.1404710037448 36.5976538108439 37.3268204191772 38.0559870275105 38.562872338961 38.9743306485443 39.3982739356276 39.851398910211 40.3045238847943 40.6077089693776 40.894167283961 41.1233752739557 41.2952502743724 41.5138311360548 42.1544560739715 42.7950810118882 43.2389324743829 43.5983074381329 43.9233487731277 44.168140422711 44.4129320722943 44.5030982862553 44.576014935422 44.5578516168671 44.4484766431171 44.3557081193671 44.4129998056171 44.4702914918671 44.684273042922 44.9655230170886 45.2155606562448 45.3926439970781 45.5697273379114 45.774924365 45.98325769 46.1681704660443 46.3296287856277 46.5113261237342 46.8759094862342 47.2404928487342 47.557704856039 47.8545798514557 48.14989423 48.441560885 48.73322754 48.9546099906224 49.168151656039 49.3764887535443 49.5796137381277 49.7957123875 50.1290457075 50.4623790275 50.5479240441561 50.5270907408228 50.5093786662341
32.8078122668113 33.3065775731336 33.8430358610503 34.379494148967 34.9253237281164 35.4721987301997 35.941872449022 36.3342335604109 36.7707059724507 37.6057753275896 38.4408446827285 38.9916855082668 39.4205049275723 39.8472435268664 40.2691185339497 40.690993541033 40.9957279875 41.2873946425 41.534822392717 41.7379473606337 41.9921028105671 42.7073805277893 43.4226582450115 43.9253720173003 44.336830310217 44.7108337306337 44.9972920285503 45.283750326467 45.3437370866552 45.3784593394329 45.33337816 45.208378165 45.09998462 45.141651285 45.18331795 45.3658840735996 45.6089396513774 45.8327476052112 46.0115670345168 46.1903864638224 46.3738915312443 46.5579193176331 46.73327282 46.89993948 47.0856342707002 47.4432731293114 47.8009119879225 48.1123941775 48.4040608325 48.6884446237442 48.9558057401331 49.223166856522 49.4264912402055 49.6226717958999 49.8309963184057 50.0514824127113 50.2820014754832 50.6031820261777 50.9243625768721 51.0086866248669 50.991325498478 50.9630400939555
32.991827536534 33.5305171443844 34.1190587614677 34.707600378551 35.2118008093656 35.7065924822823 36.1328571726326 36.4904960645771 36.9078149534247 37.8644120766191 38.8210091998135 39.4204986775726 39.8666792066003 40.2899706206156 40.6597622985323 41.0295539764489 41.3290613075 41.6207279625 41.894178589801 42.1493868868844 42.4573555127903 43.2420776689014 44.0267998250125 44.5868115252177 45.050353147301 45.4764398968844 45.8149815239677 46.153523151051 46.1562621333208 46.1215399472097 46.041711465 45.91671147 45.808317925 45.84998459 45.891651255 46.025631368043 46.1992425069319 46.3796163072948 46.5757968463226 46.7719773853503 46.9259873987437 47.0752929656881 47.2332728 47.39993946 47.5890939109785 47.981454989034 48.3738160670896 48.6957274875 48.9873941425 49.2613738362437 49.4940127331881 49.7266516301326 49.9108725072885 50.0896919532607 50.298003900767 50.5358511047948 50.7802716336774 51.0840910746496 51.3879105156218 51.4913129118118 51.5086740048674 51.4995046985385
33.2294904181284 33.8028960037568 34.4383126262567 35.0737292487567 35.5732627481419 36.0576376818919 36.4743530768851 36.8233113681351 37.2361013287162 38.2256847162162 39.2152681037162 39.8222360718649 40.2649444156148 40.6764403043784 41.0149819481284 41.3535235918784 41.6545802631284 41.9514552418784 42.2535347868851 42.5608264131351 42.9200134493716 43.7481384256216 44.5762634018716 45.174819305 45.674819285 46.1373643925 46.5123643775 46.8873643625 46.8547154806284 46.7765904743784 46.6828517468852 46.5734767231352 46.4791512975 46.5208179625 46.5624846275 46.6624545075 46.7874545025 46.9343031437432 47.1322198212432 47.3301364987432 47.4671401356284 47.5973484543784 47.7431704793716 47.9046288156216 48.0920346031284 48.5139095768784 48.9357845506284 49.2592729362432 49.5405229437432 49.79992434 50.008257665 50.21659099 50.3827537968716 50.5442121331216 50.7447046787432 50.9842880212432 51.2295797731284 51.5264547518784 51.8233297306284 51.941651365 51.98331803 51.9828481743648
33.5923313754897 34.1883001529239 34.8584389948684 35.5285778368128 36.1096897943932 36.6808702767543 37.1670426189692 37.5680842393859 38.0104694123249 38.8264417026026 39.6424139928804 40.1607964989475 40.5514215135308 40.9316423681286 41.2875451216009 41.6434478750731 41.9618656560453 42.2761017445175 42.6128909839692 42.9722659393859 43.3766169175658 44.1873807840936 44.9981446506214 45.591485955 46.091485935 46.5540310425 46.9290310275 47.3040310125 47.287000860212 47.2262369636842 47.1672079139693 47.1099162193859 47.0624846075 47.1041512725 47.1458179375 47.2457878175 47.3707878125 47.5072323395761 47.6704267976316 47.8336212556872 47.9827588368787 48.1303282653509 48.2761628486769 48.4202600752047 48.5937644132676 49.0330004967398 49.472236580212 49.7766465926316 50.0231743806872 50.258257655 50.46659098 50.674924305 50.8254683989547 50.9695656254825 51.1440227940205 51.3488839170761 51.5646429149342 51.8788790034064 52.1931150918787 52.31665135 52.358318015 52.3422420381141
33.9551723328511 34.5737043020911 35.27856536348 35.9834264248689 36.6461168406444 37.3041028716166 37.8597321610533 38.3128571106366 38.7848374959334 39.427198688989 40.0695598820445 40.49935692603 40.8378986114467 41.1868444318789 41.5601082950733 41.9333721582678 42.2691510489622 42.6007482471567 42.9722471810533 43.3837054656366 43.83322038576 44.6266231425655 45.4200258993711 46.008152605 46.508152585 46.9706976925 47.3456976775 47.7206976625 47.7192862397955 47.67588345299 47.6515640810533 47.6463557156367 47.6458179175 47.6874845825 47.7291512475 47.8291211275 47.9541211225 48.0801615354089 48.20863377402 48.3371060126311 48.4983775381289 48.6633080763233 48.8091552179822 48.9358913347878 49.0954942234067 49.5520914166011 50.0086886097956 50.29402024902 50.5058258176311 50.71659097 50.924924295 51.13325762 51.2681830010378 51.3949191178433 51.5433409092978 51.7134798129089 51.89970605674 52.2313032549345 52.5629004531289 52.691651335 52.733318 52.7016359018633
34.2383427245751 34.8512904043874 35.6064986731374 36.3617069418874 37.0794302181374 37.7929718218874 38.3790012175 38.8373345325 39.3013763776794 39.8170014372628 40.3326264968461 40.7207130425 41.0540463625 41.3905009337417 41.7342509429084 42.0780009520751 42.4686071150165 42.8644403866832 43.2628759747875 43.6639176368709 44.1054377135458 44.9127293364625 45.7200209593791 46.2904556329084 46.7592056370751 47.1858189131126 47.5139439343626 47.8420689556126 47.9077992268957 47.944257501479 47.9703066577125 47.9859316456291 48.0057082460458 48.0629998989625 48.1202915518791 48.2358864197958 48.3765114027125 48.5171363856291 48.6577613685458 48.7983863514625 48.9764962668791 49.1587879147958 49.3202613002125 49.4608862831292 49.6284966218626 50.0399549731126 50.4514133243626 50.7207576625 50.9290909875 51.1327424718709 51.3254508089542 51.5181591460375 51.6640113218792 51.8046363047958 51.958272695 52.124939355 52.3066554664542 52.6243637985375 52.9420721306209 52.9682648518376 52.8693066255876 52.7375755125
34.5126607698524 35.1168966406381 35.9241882385548 36.7314798364715 37.5012864418881 38.2669113748048 38.8790011975 39.3373345125 39.7892673717055 40.1833646632332 40.577461954761 40.9290463675 41.2623796875 41.5884301112412 41.8974579009635 42.2064856906857 42.6560820616842 43.1213597722398 43.5458683374262 43.9295488897873 44.3571675503516 45.1818202829905 46.0064730156294 46.5578292659635 46.9918570506857 47.3785460418618 47.6545877339452 47.9306294260285 48.0692262048136 48.1924900280081 48.2706475967405 48.3036336943794 48.3407714045183 48.4154241671572 48.4900769297961 48.6230329074349 48.7810190000739 48.9390050927127 49.0969911853516 49.2549772779905 49.4504483031294 49.6501010607683 49.8289355559072 49.9869216485461 50.1649737764452 50.5243487985285 50.8837238206118 51.1374243125 51.3457576375 51.5442070731206 51.7195543004817 51.8949015278428 52.0546300197961 52.212616112435 52.374939345 52.541606005 52.7215922946484 53.0219395170095 53.3222867393706 53.2339464630854 -9999 -9999
35.0578117476297 35.6221233618334 36.3773317805834 37.1325401993334 37.8424542637037 38.5473154750926 39.1203272592963 39.5612994895741 40.0010608045648 40.429880090537 40.8586993765093 41.2328594043148 41.5835538090371 41.9243642693889 42.2420725514723 42.5597808335556 42.9321548970185 43.3106272839629 43.6873647225 44.0623647075 44.48303265 45.31636595 -9999 -9999 -9999 47.474909745 47.724909735 47.974909725 48.14993981 48.31660647 48.4208182825 48.4624849475 48.508303225 48.591636555 48.674969885 48.81660643 48.98327309 49.191556146741 49.4971114845188 49.8026668222966 50.0207575025 50.2290908275 50.4209430216019 50.596290223963 50.7847841410278 51.0920758339444 51.3993675268611 51.6252776956852 51.816249935963 51.9973382793704 52.1553243970093 52.3133105146482 52.4322499062221 52.5468333120554 52.665753845324 52.7890177935184 52.9290610075 53.2207276625 53.5123943175 53.6 -9999 -9999
35.8737964379069 36.3669712580811 36.9659296893311 37.5648881205811 38.1029334512012 38.6341835653679 39.1029786579069 39.5092286687402 39.9367558810953 40.556547374012 41.1763388669287 41.6321524279264 42.0175690520931 42.3983038056397 42.7680954168897 43.1378870281397 43.2968258761816 43.432242727015 43.6873647225 44.0623647075 44.48303265 -9999 -9999 -9999 -9999 -9999 -9999 -9999 -9999 -9999 -9999 48.4624849475 48.508303225 48.591636555 48.674969885 48.81660643 48.98327309 49.2747890600783 49.8581221534117 50.441455246745 50.6874241425 50.8957574675 51.0962839372966 51.2889922493799 51.4879279556103 51.7431363193603 51.9983446831103 52.1843180170735 52.3405680379069 52.4921362106201 52.6327612185368 52.7733862264534 52.7968709437206 52.8072876912206 52.8307158335171 52.8671742331005 52.9290610075 -9999 -9999 -9999 -9999 -9999
36.6718987053421 37.1013950718904 37.5649366773071 38.0284782827238 38.4061168699795 38.7741724677573 39.1439629115175 39.5154907029064 39.9281890510906 40.7129112988684 41.4976335466462 42.0151323988478 42.4179102744034 42.824849775 43.241516425 43.658183075 43.7 -9999 -9999 -9999 -9999 -9999 -9999 -9999 -9999 -9999 -9999 -9999 -9999 -9999 -9999 -9999 -9999 -9999 -9999 -9999 -9999 -9999 -9999 51.1 51.2874246625 51.4957579875 51.7040913125 51.9124246375 52.1209309441024 52.3310003659079 52.5410697877135 52.6891921159619 52.8107199173508 52.9338083206301 53.0605444124357 53.1872805042413 53.125030175 53.041696845 53 -9999 -9999 -9999 -9999 -9999 -9999 -9999
37.3090577079808 37.7420012931412 38.2576262277245 38.7732511623078 39.0936418549785 39.3922530138674 39.7099476201282 40.0467531920726 40.4212696105341 41.1365474194229 41.8518252283118 42.2512935644014 42.5151825621792 42.824849775 43.241516425 43.658183075 43.7 -9999 -9999 -9999 -9999 -9999 -9999 -9999 -9999 -9999 -9999 -9999 -9999 -9999 -9999 -9999 -9999 -9999 -9999 -9999 -9999 -9999 -9999 51.1 51.2874246625 51.4957579875 51.7040913125 51.9124246375 52.1226607742415 52.3500913057693 52.5775218372971 52.7065657923503 52.7933713742948 52.8973437043804 53.0414409059082 53.185538107436 53.125030175 53.041696845 53 -9999 -9999 -9999 -9999 -9999 -9999 -9999
37.9462167106194 38.3826075143919 38.9503157781419 39.5180240418919 39.7811668399775 40.0103335599775 40.2759323287387 40.5780156812387 40.9143501699775 41.5601835399775 42.2060169099775 42.4874547299549 42.6124548499549 -9999 -9999 -9999 -9999 -9999 -9999 -9999 -9999 -9999 -9999 -9999 -9999 -9999 -9999 -9999 -9999 -9999 -9999 -9999 -9999 -9999 -9999 -9999 -9999 -9999 -9999 -9999 51.2874246625 51.4957579875 51.7040913125 51.9124246375 52.1243906043807 52.3691822456307 52.6139738868807 52.7239394687387 52.7760228312387 52.8608790881307 53.0223373993807 53.1837957106307 53.125030175 53.041696845 -9999 -9999 -9999 -9999 -9999 -9999 -9999 -9999
38.7134321370481 39.1034307127142 39.6989167836864 40.2944028546587 40.5306577768691 40.7268383408969 40.9403675396234 41.1712703897623 41.4293319748023 41.9328043400801 42.4362767053579 42.6057196964407 -9999 -9999 -9999 -9999 -9999 -9999 -9999 -9999 -9999 -9999 -9999 -9999 -9999 -9999 -9999 -9999 -9999 -9999 -9999 -9999 -9999 -9999 -9999 -9999 -9999 -9999 -9999 -9999 -9999 -9999 -9999 -9999 -9999 -9999 -9999 52.7291515875 52.7708182525 52.8 -9999 -9999 -9999 -9999 -9999 -9999 -9999 -9999 -9999 -9999 -9999 -9999
39.53638627288 39.8586327647978 40.4714799454923 41.0843271261867 41.3067056656189 41.4855251199245 41.64699600615 41.7910933076777 41.953700068411 42.2835613364665 42.613422604522 42.6942801335233 -9999 -9999 -9999 -9999 -9999 -9999 -9999 -9999 -9999 -9999 -9999 -9999 -9999 -9999 -9999 -9999 -9999 -9999 -9999 -9999 -9999 -9999 -9999 -9999 -9999 -9999 -9999 -9999 -9999 -9999 -9999 -9999 -9999 -9999 -9999 -9999 -9999 -9999 -9999 -9999 -9999 -9999 -9999 -9999 -9999 -9999 -9999 -9999 -9999 -9999
40.560896598106 40.7904398486099 41.3008568844431 41.8112739202764 41.9702689443176 42.0900607655676 42.1942387564647 42.2827804018814 42.382739095202 42.5858641047853 42.7889891143686 42.8937273508078 -9999 -9999 -9999 -9999 -9999 -9999 -9999 -9999 -9999 -9999 -9999 -9999 -9999 -9999 -9999 -9999 -9999 -9999 -9999 -9999 -9999 -9999 -9999 -9999 -9999 -9999 -9999 -9999 -9999 -9999 -9999 -9999 -9999 -9999 -9999 -9999 -9999 -9999 -9999 -9999 -9999 -9999 -9999 -9999 -9999 -9999 -9999 -9999 -9999 -9999
42.0557069560218 42.1343273177709 42.2627999397154 42.3912725616598 42.3713668730654 42.3349087068153 42.3695797171594 42.4754824722983 42.5893425650628 42.7751064649239 42.960870364785 43.0118079335846 -9999 -9999 -9999 -9999 -9999 -9999 -9999 -9999 -9999 -9999 -9999 -9999 -9999 -9999 -9999 -9999 -9999 -9999 -9999 -9999 -9999 -9999 -9999 -9999 -9999 -9999 -9999 -9999 -9999 -9999 -9999 -9999 -9999 -9999 -9999 -9999 -9999 -9999 -9999 -9999 -9999 -9999 -9999 -9999 -9999 -9999 -9999 -9999 -9999 -9999
