External_files/Climatic_data/REF/SUNSHINE/CRU_SUN_REF_7.asc
NCOLS 66 
NROWS 34 
XLLCORNER 2.0833 
YLLCORNER 42.16666678 
CELLSIZE 0.08333333 
NODATA_value -9999 
[rows 0 to 26 of 34, columns 0 to 61 of 66]
57.841992634861398 57.8848939543754 57.8901022864587 57.895310618542 57.8521008350005 57.803489724445 57.7730946465974 57.7609418689585 57.8005117622217 58.3074561877773 58.8144006133328 59.0747706859029 59.229284568264 59.3759953412482 59.5044675631927 59.6329397851371 60.0300543037508 60.4571376179174 60.7835991373614 61.0092935720836 61.2410424710413 61.527500793958 61.8139591168746 62.1405009254174 62.4842509095841 62.9237189004184 63.586913313474 64.2501077265295 64.9008071604164 65.5501126906942 66.1586490856239 66.7263573993739 67.2352512025688 67.2126817607633 67.1901123189577 66.4217475906216 65.3332059768716 64.2717150564605 63.2734512015994 62.2751873467382 62.1015920068771 62.019994782016 62.1387733394424 62.4582177766647 62.5168038177783 60.2181927972227 57.9195817766672 56.7663852152087 56.1049269072921 55.6057725268754 55.4859808639587 55.366189201042 55.3791566016677 55.4069343755566 55.2846473203466 -9999 -9999 -9999 -9999 -9999 -9999 -9999
58.0129889422921 58.0859243581246 58.1223826910413 58.158841023958 58.1859281031269 58.2119697635436 58.222397685208 58.2171893531246 58.2534975468716 58.6649558731216 59.0764141993716 59.3311824108348 59.5186823991682 59.6453181218769 59.6296931172935 59.6140681127102 60.0060921999955 60.4435921949955 60.8160349827125 61.1233266256291 61.4254287289587 61.6806370510421 61.9358453731254 62.3331678741697 62.7915011808363 63.3590778687493 64.1819945045826 65.0049111404159 65.6778879587523 66.3341379262523 66.9201261877125 67.4357511556292 67.8833934716607 67.7167268283273 67.550060184994 66.5744364087568 65.2515197762568 64.0799830181231 63.2622747227065 62.4445664272898 62.3671855656164 62.3723939226997 62.4088296672875 62.4765380093709 62.32940143522 60.2408598198034 58.1523182043867 57.0622184885391 56.4007601889557 55.8984845881216 55.7682762693716 55.6380679506216 55.7515115518761 55.8921365431261 55.7829426285398 55.4235676481231 55.0543326825 54.5959993675 -9999 -9999 -9999 -9999
58.2508299046534 58.330722266041 58.3498194892355 58.3689167124299 58.4723551593781 58.5852023684059 58.6303900345133 58.6078205927077 58.6129288356194 58.8681371743694 59.1233455131194 59.3797684880581 59.6367129152803 59.8379951506281 59.9091756946559 59.9803562386837 60.1936673299925 60.4228340083258 60.7864522036875 61.2847160535486 61.7604918957645 62.0330613275701 62.3056307593756 62.8053399469495 63.4025621313939 64.0570070429154 64.8452014593043 65.6333958756932 66.3966003112537 67.1570169370871 67.8905432770208 68.5971404518819 69.1890493361011 68.7446049372122 68.3001605383233 67.4597400962613 66.4493234387613 65.4706393427052 64.5661254986774 63.6616116546496 63.2162882618606 62.8221910953328 62.5634126246459 62.4401487597848 62.1746928445334 60.6243456305056 59.0739984164778 58.0605263183984 57.2775402507595 56.6433327843693 56.3568744781193 56.0704161718693 56.2150343406269 56.4077426610435 56.281237936733 55.8350574077052 55.3876660025 54.9293326875 54.4709993725 -9999 -9999 -9999
58.4886708670148 58.5755201739575 58.5772562874297 58.5789924009019 58.7587822156294 58.9584349732683 59.0383823838186 58.9984518322908 58.9723601243671 59.0713184756171 59.1702768268671 59.4283545652813 59.7547434313924 60.0306721793794 60.1886582720183 60.3466443646572 60.3812424599895 60.4020758216561 60.7568694246624 61.446105481468 62.0955550625703 62.3854856040981 62.6754161456259 63.2775120197293 64.0136230819515 64.7549362170816 65.508408414026 66.2618806109705 67.1153126637553 67.979895947922 68.8609603663291 69.7585297481347 70.4947052005416 69.7724830460971 69.0502608916527 68.3450437837659 67.6471271012659 66.8612956672873 65.8699762746484 64.8786568820095 64.0653909581048 63.2719882679659 62.7179955820042 62.4037595101987 62.0199842538467 61.0078314412078 59.995678628569 59.0588341482578 58.1543203125633 57.3881809806171 56.9454726868671 56.5027643931171 56.6785571293777 56.923348778961 56.7795332449262 56.2465471672873 55.7209993225 55.2626660075 54.8043326925 54.8622250400756 -9999 -9999
58.7858980681239 58.8718636937523 58.9031136862523 58.9343636787523 59.0968111562478 59.2738944887478 59.3651022331284 59.3703105568784 59.3724051443671 59.3463635006171 59.3203218568671 59.6113043512568 60.0383876487568 60.3921217081261 60.5744133643761 60.7567050206261 60.774999925 60.774999925 61.0352287249865 61.5560620749865 62.0898692656509 62.7409108344009 63.391952403151 64.2980707256442 65.3136956318942 66.2590926662523 67.0403426287523 67.8215925912523 68.3638760518491 68.8795011030991 69.6033089418762 70.5356005681262 71.2784748787342 70.3097249612342 69.3409750437342 68.5070512956171 67.7310096818671 66.9580892818919 66.192464265642 65.426839249392 64.6565286475046 63.8856953325046 63.33345378 63.00012046 62.6263091087659 61.8867257612659 61.1471424137659 60.2836648500001 59.3669982200001 58.5736201531217 58.0684118493717 57.5632035456217 57.5124998424819 57.5124998924819 57.2028285681194 56.5830369418694 55.9840031756284 55.5725448493784 55.1610865231284 -9999 -9999 -9999
59.0897237507625 59.1739345129194 59.2399067248639 59.3058789368083 59.4405736487472 59.5829347618028 59.6827917902124 59.7400834431291 59.7769628083931 59.6293933965876 59.481823984782 59.8091834620916 60.3404334179249 60.7723237668764 60.9719765328486 61.1716292988208 61.191666575 61.191666575 61.3478038666501 61.6603038999835 62.0463224121845 63.0966695045456 64.1470165969067 65.3795613771762 66.6903251487039 67.8528300670861 68.6688022490305 69.4847744309749 69.6713118714266 69.7876313990655 70.3203165309041 71.2699692668764 72.0042571101196 70.7924516565084 69.5806462028974 68.5886924371431 67.6911230553376 66.9111201431457 66.4059117727291 65.9007034023124 65.2190035125055 64.5176146363944 64.00012042 63.6667871 63.3171933707138 62.8206655593249 62.324137747936 61.5336648 60.61699817 59.8080139568708 59.2507223239542 58.6934306910375 58.3876003908112 58.1098226852556 57.6177905463125 56.9111933714514 56.2391926310458 55.8798176339625 -9999 -9999 -9999 -9999
59.28330331 59.36663664 59.44996997 59.5333033 59.6619309918766 59.7956115375711 59.9041366125 59.9874699425 60.0607701023969 60.0434088926747 60.0260476829525 60.3742968168604 60.8795051706104 61.2879549406201 61.4702466135368 61.6525382864535 61.7567362098096 61.8522222674485 62.0517998375874 62.3556192202263 62.7692838762793 64.1755337387793 65.5817836012793 66.9151545087207 68.2172378712207 69.3450520285205 70.0655381694927 70.7860243104649 70.9005036056494 70.9473785360661 71.3715849112207 72.1736682937207 72.7776851474583 71.5919212292638 70.4061573110694 69.3612928922868 68.3769179452035 67.5543269866536 67.1098825960981 66.6654382055425 66.0601209268832 65.4368570403554 64.9974877968897 64.7422794331397 64.4638913544927 63.9760442104649 63.4881970664371 62.6942582157623 61.7689110350678 60.9434431943734 60.3514293336789 59.7594154729845 59.2236290297704 58.6941152207426 58.0804609720931 57.3825443062598 56.7235486339632 56.4162569660466 -9999 -9999 -9999 -9999
59.36663664 59.44996997 59.5333033 59.61663663 59.7608830681269 59.9119247235435 60.0291366075 60.1124699375 60.223826910458 60.5884101146247 60.9529933187913 61.3066447681082 61.6556031343581 61.9390153593694 62.0692237031194 62.1994320468694 62.4702089718957 62.756667236479 63.1472170135624 63.6420086031457 64.2587543937839 65.9775042312839 67.6962540687839 68.9048505562162 69.8944339437162 70.7357584531006 71.2305501676839 71.7253418822673 72.0514511794033 72.3587427556533 72.7571144037162 73.2466978112162 73.5987590364904 72.7081339835737 71.8175089306571 70.8248533243695 69.7883950481194 68.887710474985 68.3043772066517 67.7210439383183 67.1798811581345 66.6434228202178 66.325556228142 66.226597851892 66.0664034976839 65.3528619272672 64.6393203568506 63.7654450114565 62.8227367210398 61.9799077706232 61.3705328002065 60.7611578297899 60.0205857218505 59.2653774864338 58.5908398912614 57.9970898837613 57.4370714043807 57.1818630656307 -9999 -9999 -9999 -9999
59.4654206813216 59.5504901164605 59.6355595515994 59.7206289867382 59.8759827987458 60.039177248468 60.1642047618098 60.2510103020876 60.3995716750673 61.1061688749284 61.8127660747895 62.1707581525 62.3790914775 62.5489294587457 62.628790578468 62.7086516981902 63.1290013075 63.5873346225 64.1610359921805 64.850271998986 65.669592500202 67.6643841047853 69.6591757093686 70.7454082733879 71.4415888424156 72.0181218843814 72.3149968547981 72.6118718252147 73.1211615689477 73.6541476882532 74.0266595259765 74.2384650612543 74.3682762461282 73.7571651122393 73.1460539783504 72.1972701154039 71.1035201945705 70.1247357310396 69.4146663209006 68.7045969107618 68.2241226962543 67.769261591532 67.5590150888804 67.5937373333248 67.5383354056827 66.6685436144327 65.7987518231827 64.8730862467468 63.9234334774413 63.0627357824658 62.4099581252436 61.7571804680214 60.8357608316752 59.8843719572308 59.1628511741079 58.6715317198024 58.2078894202019 57.9943477797853 57.7808061393686 57.5818403322596 57.3891320951762 -9999
59.7032616436829 59.8056921885441 59.9081227334052 60.0105532782663 60.1364119612453 60.264884191523 60.3898866881992 60.5114144479214 60.6895084749282 61.3787445650671 62.067980655206 62.4207581425 62.6290914675 62.7885253012452 62.833664201523 62.8788031018008 63.2956679675 63.7540012825 64.4404684528782 65.3553988860726 66.3727362647845 68.3154445402012 70.2581528156179 71.2437160065806 71.8183688075528 72.3253947356321 72.6743530352155 73.0233113347988 73.4597345710298 73.9059151417242 74.2523414190325 74.4988691737548 74.673781608908 74.2015593527969 73.7293370966858 72.749391074569 71.5514744954024 70.494533658956 69.7671031390948 69.0396726192337 68.5886934587548 68.168554573477 67.9409846361016 67.9062624416571 67.8350408094394 67.4339989806895 67.0329571519395 66.3088186632759 65.4459714425814 64.5628362724618 63.632280859684 62.7017254469063 61.8149023133429 60.9329578777874 60.2895558009147 59.8850418952203 59.4943665697845 59.2287416002012 58.9631166306178 58.5663096626725 58.1131847797558 57.755257246207
59.9411026060443 60.0608942606276 60.180685915211 60.3004775697943 60.3968411237447 60.4905911345781 60.6155686145886 60.7718185937553 60.979445274789 61.6513202552057 62.3231952356224 62.6707581325 62.8790914575 63.0281211437447 63.0385378245781 63.0489545054114 63.4623346275 63.9206679425 64.7199009135759 65.8605257731592 67.0758800293671 68.9665049756171 70.8571299218671 71.7420237397732 72.1951487726899 72.6326675868829 73.0337092156329 73.4347508443829 73.7983075731118 74.1576825951952 74.4780233120886 74.7592732862553 74.9792869716877 74.6459535933544 74.3126202150211 73.3015120337342 71.9994287962342 70.8643315868724 70.119539957289 69.3747483277057 68.9532642212553 68.5678475554219 68.3229541833228 68.2187875499895 68.1317462131962 68.1994543469463 68.2671624806963 67.7445510798049 66.9685094077216 66.0629367624578 64.8546035941245 63.6462704257911 62.7940437950106 61.9815437983439 61.4162604277216 61.0985520706382 60.7808437193671 60.4631354206171 60.1454271218671 59.5507789930854 58.8372374643354 58.2032871637024
60.158288235 60.2760053195776 60.3766997759665 60.4773942323554 60.5952692743836 60.7150609123003 60.888633208695 61.1160637152227 61.3775723796992 61.9470168652548 62.5164613508103 62.8417607382668 63.0622468325723 63.2567225331567 63.3904029955178 63.5240834578789 64.0591655079455 64.6390265160011 65.4843209527548 66.5954320833103 67.7705475498323 69.5240197817767 71.2774920137212 72.1211904648003 72.574315422717 73.0237989370891 73.4647711257002 73.9057433143113 74.2280131820776 74.5370409634665 74.8131064722107 75.0561620499885 75.2483603698669 74.980999253478 74.7136381370891 73.8790352186023 72.800910094019 71.8393110910562 71.1500749675839 70.4608388441117 70.0871009168837 69.7485592398004 69.5349271377171 69.4463854506337 69.3595736144475 69.2883932454197 69.2172128763919 68.5350637802316 67.5906195013427 66.6222457063136 65.5979400160358 64.5736343257581 63.8242181087674 63.1054680896007 62.6729688808681 62.5271354575348 62.3723069636343 62.1361957980788 61.9000846325232 61.3433062244677 60.6488617439121 59.9637809795545
60.36662156 60.4739344804104 60.5399067173549 60.6058789542993 60.7671255081344 60.9390004752177 61.1820047021684 61.4962407573073 61.8220668535861 62.2526224613638 62.6831780691416 62.9789072525726 63.2167544566003 63.4806120044094 63.805264673715 64.1299173430205 64.8403528621146 65.5938249673924 66.4565932388638 67.4288154916416 68.4615823867742 70.0414435214964 71.6213046562187 72.4492966527177 72.9545049398011 73.4508697179229 73.9265641259785 74.402258534034 74.6967757029104 74.9710812648548 75.1950759860986 75.3686871249874 75.5018200368118 75.2691811398674 75.0365422429229 74.4674450940242 73.7539032736075 73.073654661474 72.4712240866129 71.8687935117518 71.5506236906344 71.2641653427177 71.102616569801 71.0661582118844 70.9864541212472 70.5159682286083 70.0454823359694 69.0490531763386 67.8268311418942 66.7783574438191 66.1359961674302 65.4936348910414 64.8762636812688 64.2616803204355 63.9853933742043 64.0478932675377 64.0944788030807 63.9972565153029 63.9000342275251 63.4821446972473 62.9265890944695 62.2867604803851
60.5286026768716 60.6234243531216 60.6598826943716 60.6963410356216 60.8639968843581 61.0462885906081 61.3144558724865 61.6686225624865 62.0279788012973 62.4342286537973 62.8404785062973 63.1629174181487 63.4493756743987 63.7920163406351 64.2659746268851 64.7399329131351 65.5559416324865 66.4101083024865 67.2616726893581 68.1106310356081 69.0192690962432 70.4671857237432 71.9151023512432 72.7326150143784 73.2794899831284 73.8107587606216 74.3055504168716 74.8003420731216 75.074909625 75.324909615 75.5098524768716 75.6296441481216 75.7177797712568 75.5198630937568 75.3219464162568 74.9636958712703 74.5366124987703 74.0876804800271 73.5876804250271 73.0876803700271 72.8172755856284 72.5724839193784 72.4552041062568 72.4656207537568 72.3981950474864 71.6273617824864 70.8565285174864 69.6629971550272 68.2879971350272 67.2063927099864 66.8105594299864 66.4147261499864 65.8876956425 65.3460289975 65.1426588587024 65.2780756512024 65.4072650587975 65.4801815912975 65.5530981237976 65.3636504438519 65.0615668413519 64.5612855781216
60.5824283695103 60.659888936038 60.6789861675658 60.6980833990936 60.7859031531069 60.8813893107458 61.0714253447077 61.3561475958188 61.6771967882452 62.3265021768564 62.9758075654675 63.4562763782893 63.8642624025949 64.3076225418859 64.8336641573026 65.3597057727192 66.1184666558188 66.9031888869299 67.6766345425513 68.4387873401902 69.2658093926316 70.6790038006872 72.0921982087427 72.9114281853509 73.4756642638231 74.0138900202047 74.4913205667325 74.9687511132603 75.241576285 75.491576275 75.6678448528436 75.7702754143714 75.8462394432017 75.6830449851462 75.5198505270906 75.2449082121052 74.9219914979385 74.5876302516958 74.2265190744736 73.8654078972514 73.6245609418787 73.3971303853509 73.3058859576462 73.3510248245907 73.3079423569299 72.467664653041 71.6273869491521 70.5101690794736 69.2740579372514 68.2689178049855 67.8036400860966 67.3383623672077 66.8043622725 66.2626956275 65.9378857456434 65.8302470020323 65.7648158840789 66.08078795269 66.3967600213011 66.6447116530262 66.8634613421929 66.7227501177048
60.6362540621489 60.6963535189545 60.69808964076 60.6998257625656 60.7078094218556 60.7164900308834 60.8283948169289 61.0436726291512 61.3264147751932 62.2187756999154 63.1111366246376 63.7496353384299 64.2791491307911 64.8232287431367 65.40135368772 65.9794786323033 66.6809916791511 67.3962694713733 68.0915963957445 68.7669436447723 69.51234968902 70.8908218776311 72.2692940662422 73.0902413563233 73.6718385445178 74.2170212797878 74.6770907165933 75.1371601533989 75.408242945 75.658242935 75.8258372288156 75.9109066806211 75.9746991151467 75.8462268765356 75.7177546379245 75.52612055294 75.3073704971067 75.0875800233645 74.86535772392 74.6431354244756 74.4318462981289 74.2217768513233 74.1565678090356 74.2364288954245 74.2176896663733 73.3079675235955 72.3982453808178 71.3573410039201 70.2601187394756 69.3314428999844 68.7967207422066 68.2619985844289 67.7210289025 67.1793622575 66.7331126325843 66.3824183528621 66.1223667093601 66.6813943140824 67.2404219188046 67.9257728622003 68.6653558430337 68.8842146572878
60.8181934102125 60.8734542506126 60.8265792868626 60.7797043231126 60.7468862212417 60.7156362454084 60.8040916125 61.0124249375 61.306905040458 62.3798215496246 63.4527380587913 64.1649030022958 64.7221946352125 65.3013349718874 65.9315432456374 66.5617515193874 67.1638461668461 67.7628045564294 68.3877857897875 69.0388274418709 69.7557762633168 71.0682762566501 72.3807762499835 73.1612590254084 73.7133423595751 74.2326526768708 74.6753610039542 75.1180693310375 75.4014665893791 75.6670915672958 75.8650571156374 75.9952654093874 76.1093862012748 76.0781361337748 76.0468860662749 75.9245372493874 75.7630788881374 75.5875749825 75.3792416575 75.1709083325 74.9204044893626 74.6651962006126 74.5401020639376 74.5453104543543 74.483574391733 73.8169075683997 73.1502407450664 72.3778994090288 71.5601909136122 70.8439224175166 70.3647557241833 69.88558903085 69.5469906563081 69.2240738421415 68.9688163275498 68.7813161975498 68.6472675943128 68.9962260855627 69.3451845768127 69.4354232031174 69.4145904664507 69.10036246
61.0143677075738 61.0661813293619 60.9672230364452 60.8682647435285 60.7989820587413 60.7330098634635 60.8040916125 61.0124249375 61.3242035918493 62.5707311982382 63.8172588046271 64.5937161716016 65.1683689142405 65.7752745081381 66.4575661110548 67.1398577139715 67.6378483114277 68.1152789329554 68.6707781524262 69.3044586947873 69.9988568660936 71.241912420538 72.4849679749824 73.2202993334635 73.7376604481857 74.2274506114539 74.652797828815 75.0781450461762 75.3754186539627 75.6584047416016 75.8910799677215 76.0733715906382 76.2447652271097 76.317681817943 76.3905984087764 76.3359767423049 76.2266017102215 76.0875749625 75.8792416375 75.6709083125 75.3735483056118 75.0662566876952 74.8717306704641 74.7901335122697 74.6779183339592 74.2890292661815 73.9001401984037 73.4177231122276 72.8951534820887 72.4063972175176 71.9966749630732 71.5869527086288 71.473985902145 71.3941246240894 71.3645741108862 71.3854072975529 71.4129868222257 71.5015286676423 71.590070513059 70.9704725125488 -9999 -9999
61.258288115 61.3265853860741 61.2623491876019 61.1981129891296 61.1947898687963 61.1982619624074 61.3127651607038 61.538459570426 61.862409776463 63.0742154634074 64.2860211503519 65.0399029422778 65.5971946251945 66.1841381412222 66.8403881920555 67.4966382428889 67.9139215593611 68.3045465822778 68.8122745375 69.4372745125 70.1203973425 71.3287306275 -9999 -9999 -9999 74.224849575 74.641516225 75.058182875 75.3623946675 75.6540613225 75.9040914125 76.1124247375 76.3124548375 76.4374548325 76.5624548275 76.541696785 76.458363455 76.3817927340373 76.3210286291762 76.2602645243151 76.0089521281576 75.7363826046854 75.5158588144907 75.3474561076851 75.1821670722132 75.0450141329077 74.9078611936022 74.6225211077223 74.2735627498057 73.9220033712594 73.5643644709816 73.2067255707038 73.239554485852 73.3159433202965 73.2387979051565 73.0078956633509 72.7958484275 72.7541817625 72.7125150975 72.7 -9999 -9999
61.54995477 61.6546666156591 61.7119581852425 61.7692497548258 61.9343106412988 62.1113938321321 62.3301137220931 62.5905303512598 62.921525094515 63.8902752453483 64.8590253961817 65.5034633643604 66.0086717181104 66.5279256837207 67.0800090762207 67.6320924687207 67.9920653406104 68.3306070343604 68.8122745375 69.4372745125 70.1203973425 -9999 -9999 -9999 -9999 -9999 -9999 -9999 -9999 -9999 -9999 76.1124247375 76.3124548375 76.4374548325 76.5624548275 76.541696785 76.458363455 76.4702277044582 76.7046024648749 76.9389772252916 76.8266164819093 76.6755747264926 76.4724873960172 76.2172791406005 75.996321499022 76.0848629861054 76.1734044731887 75.9922938706397 75.6954188418897 75.3907407437598 75.0678240629265 74.7449073820932 74.8436959425196 74.989529215853 74.5914862083406 73.6487784679239 72.7958484275 -9999 -9999 -9999 -9999 -9999
61.808288365 61.9426521337192 62.0989022128859 62.2551522920526 62.5722753743801 62.9073447911857 63.2224633084825 63.5176021570936 63.8587551514094 64.6156995086316 65.3726438658538 65.9206681225 66.3790014375 66.8373347525 67.2956680675 67.7540013825 67.8 -9999 -9999 -9999 -9999 -9999 -9999 -9999 -9999 -9999 -9999 -9999 -9999 -9999 -9999 -9999 -9999 -9999 -9999 -9999 -9999 -9999 -9999 77.6 77.5625150675 77.5208484025 77.3334539 77.00012058 76.7321748163427 77.0550912138427 77.3780076113428 77.3000898600001 77.05008987 76.7782413511573 76.4553249536573 76.1324085561572 76.2874245625 76.4957578875 76.6 -9999 -9999 -9999 -9999 -9999 -9999 -9999
61.7666217 61.8697729762177 61.9218563970511 61.9739398178844 62.2962274656304 62.6486579921581 62.9898119198718 63.3196729879274 63.6990079119659 64.5253967080771 65.3517855041882 65.9206681225 66.3790014375 66.8373347525 67.2956680675 67.7540013825 67.8 -9999 -9999 -9999 -9999 -9999 -9999 -9999 -9999 -9999 -9999 -9999 -9999 -9999 -9999 -9999 -9999 -9999 -9999 -9999 -9999 -9999 -9999 77.6 77.5625150675 77.5208484025 77.3334539 77.00012058 76.7633117588472 77.3987281313473 78.0341445038473 78.05008983 77.8000898400001 77.4346044436527 76.7991880711527 76.1637716986527 76.2874245625 76.4957578875 76.6 -9999 -9999 -9999 -9999 -9999 -9999 -9999
61.724955035 61.7968938187162 61.7448105812162 61.6927273437162 62.0201795568806 62.3899711931306 62.7571605312613 63.1217438187613 63.5392606725225 64.4350939075225 65.3309271425225 65.9206681225 66.3790014375 -9999 -9999 -9999 -9999 -9999 -9999 -9999 -9999 -9999 -9999 -9999 -9999 -9999 -9999 -9999 -9999 -9999 -9999 -9999 -9999 -9999 -9999 -9999 -9999 -9999 -9999 -9999 77.5625150675 77.5208484025 77.3334539 77.00012058 76.7944487013518 77.7423650488518 78.6902813963518 78.8000898 78.55008981 78.0909675361482 77.1430511886482 76.1951348411482 76.2874245625 76.4957578875 -9999 -9999 -9999 -9999 -9999 -9999 -9999 -9999
61.578765870984 61.6547220422858 61.5592359513136 61.4637498603413 61.7696655787382 62.1203600417938 62.4953425151506 62.8946480220951 63.3333942473023 64.1285332675801 64.9236722878578 65.0714015177966 -9999 -9999 -9999 -9999 -9999 -9999 -9999 -9999 -9999 -9999 -9999 -9999 -9999 -9999 -9999 -9999 -9999 -9999 -9999 -9999 -9999 -9999 -9999 -9999 -9999 -9999 -9999 -9999 -9999 -9999 -9999 -9999 -9999 -9999 -9999 79.025090475 78.775090485 78.6 -9999 -9999 -9999 -9999 -9999 -9999 -9999 -9999 -9999 -9999 -9999 -9999
61.3877811557067 61.4828533002022 61.3700060995078 61.2571588988133 61.5300947612377 61.8460670048488 62.22102446154 62.6550521879289 63.1077623709109 63.7292902939664 64.350818217022 64.6285993323836 -9999 -9999 -9999 -9999 -9999 -9999 -9999 -9999 -9999 -9999 -9999 -9999 -9999 -9999 -9999 -9999 -9999 -9999 -9999 -9999 -9999 -9999 -9999 -9999 -9999 -9999 -9999 -9999 -9999 -9999 -9999 -9999 -9999 -9999 -9999 -9999 -9999 -9999 -9999 -9999 -9999 -9999 -9999 -9999 -9999 -9999 -9999 -9999 -9999 -9999
61.0650354306058 61.1843943588392 61.1323107796726 61.0802272005059 61.374879897551 61.7082130758844 62.1013990110353 62.5545240106186 63.011800662702 63.5065923272853 64.0013839918686 64.1937273508078 -9999 -9999 -9999 -9999 -9999 -9999 -9999 -9999 -9999 -9999 -9999 -9999 -9999 -9999 -9999 -9999 -9999 -9999 -9999 -9999 -9999 -9999 -9999 -9999 -9999 -9999 -9999 -9999 -9999 -9999 -9999 -9999 -9999 -9999 -9999 -9999 -9999 -9999 -9999 -9999 -9999 -9999 -9999 -9999 -9999 -9999 -9999 -9999 -9999 -9999
60.4348458735218 60.5905568680094 60.7815288249539 60.9725007818983 61.416496537553 61.8887185936641 62.3427247003406 62.7784885902017 63.2184041325628 63.6958346874239 64.173265242285 64.3118079335846 -9999 -9999 -9999 -9999 -9999 -9999 -9999 -9999 -9999 -9999 -9999 -9999 -9999 -9999 -9999 -9999 -9999 -9999 -9999 -9999 -9999 -9999 -9999 -9999 -9999 -9999 -9999 -9999 -9999 -9999 -9999 -9999 -9999 -9999 -9999 -9999 -9999 -9999 -9999 -9999 -9999 -9999 -9999 -9999 -9999 -9999 -9999 -9999 -9999 -9999
