External_files/Climatic_data/REF/SUNSHINE/CRU_SUN_REF_2.asc
NCOLS 66 
NROWS 34 
XLLCORNER 2.0833 
YLLCORNER 42.16666678 
CELLSIZE 0.08333333 
NODATA_value -9999 
[rows 0 to 27 of 34, columns 0 to 61 of 66]
35.575147979930698 35.6624549875 35.7874549825 35.9124549775 36.0374549725 36.1624549675 36.2935269734026 36.4306797460415 36.5754438814587 36.788985538542 37.0025271956254 37.1747706859029 37.329284568264 37.4713134731251 37.5841606904862 37.6970079078474 37.8098551252085 37.9227023425696 38.041621565 38.16662156 38.2987139271529 38.494894474514 38.6910750218751 38.808303245 38.891636575 38.9624849475 39.0041516125 39.0458182775 39.0546856081254 39.0598939402087 39.071174271528 39.0885353812503 39.1029557654862 39.0908029878474 39.0786502102085 39.1575962052783 39.2756517547227 39.4316823231246 39.6764739810413 39.921265638958 40.0004988456244 40.0612627338188 40.0344164320841 39.9198331012508 39.9353330023609 41.1263051776386 42.3172773529164 43.1049859020826 43.7195692129159 44.1858941281246 44.3056857910413 44.425477453958 44.3063028024985 44.1604694791652 44.1785798118761 -9999 -9999 -9999 -9999 -9999 -9999 -9999
35.81663665 35.9140156018754 36.0442239289587 36.1744322560421 36.29995496 36.424954955 36.5525572397921 36.6827655668754 36.8254288514587 37.0806371735421 37.3358454956254 37.5291065675 37.6957732275 37.8515155318754 37.9817238589587 38.1119321860421 38.2374548925 38.3624548875 38.4900571697921 38.6202654968754 38.7587770889587 38.9723187460421 39.1858604031254 39.3119471777087 39.4004888397921 39.4781061637508 39.5301894929174 39.5822728220841 39.6343561512508 39.6864394804174 39.7385228095841 39.7906061387508 39.8364620495826 39.8260453854159 39.8156287212493 39.9145305866652 40.0603639183318 40.2218034212493 40.4197200820826 40.6176367429159 40.6562424350015 40.6770757633349 40.6770908291682 40.6562574925015 40.7438845122845 41.8115928227012 42.8793011331178 43.5716827420826 44.1029327229159 44.5093335262523 44.6239168487523 44.7385001712523 44.4922912156254 44.2058328927087 44.2134322445841 44.5155155637508 44.7932083943761 44.8505000556261 -9999 -9999 -9999 -9999
36.06663664 36.1692176739589 36.3167871107645 36.4643565475701 36.591621615 36.71662161 36.8528981954867 37.0004676322923 37.1604920265978 37.4330614584034 37.705630890209 37.9041065525 38.0707732125 38.2317175906256 38.3792870274312 38.5268564642367 38.6541215425 38.7791215375 38.9153981121534 39.062967548959 39.2188402507645 39.4497430175701 39.6806457843756 39.8240936686812 39.9299964404867 40.0301769395846 40.1169824881957 40.2037880368068 40.2905935854179 40.377399134029 40.4642046826401 40.5510102312512 40.6246690076376 40.5795301240265 40.5343912404154 40.5742778811086 40.6506667738864 40.7530659520821 40.916260393471 41.0794548348599 41.1770506350025 41.2673284022247 41.3367879069469 41.3853990091692 41.5026843746408 42.2405316003353 42.9783788260297 43.547389753471 44.0439175148598 44.4572124887538 44.6759624695871 44.8947124504204 44.6745765885423 44.4054793753478 44.4391141043068 44.7759196429179 45.0900645147936 45.1994395052102 45.3088144956269 -9999 -9999 -9999
36.31663663 36.4244197460425 36.5893502925703 36.7542808390981 36.88328827 37.008288265 37.1532391511814 37.3181696977092 37.495555201737 37.7854857432648 38.0754162847926 38.2791065375 38.4457731975 38.6119196493759 38.7768501959037 38.9417807424314 39.0707881925 39.1957881875 39.3407390545148 39.5056696010426 39.6789034125703 39.9271672890981 40.1754311656259 40.3362401596537 40.4595040411815 40.5822477154184 40.703775483474 40.8253032515296 40.9468310195851 41.0683587876407 41.1898865556962 41.3114143237518 41.4128759656927 41.3330148626372 41.2531537595816 41.2340251755521 41.2409696294409 41.2843284829149 41.4128007048594 41.5412729268038 41.6978588350035 41.8575810411146 41.9964849847258 42.1145405258369 42.2614842369972 42.6694703779694 43.0774565189416 43.5230967648594 43.9849023068038 44.4050914512553 44.7280080904219 45.0509247295886 44.8568619614592 44.605125857987 44.6647959640295 45.0363237220851 45.386920635211 45.5483789547943 45.7098372743777 45.408514465 -9999 -9999
36.5822503662523 36.7077580643739 36.8587997281239 37.0098413918739 37.1515118018761 37.2921367931261 37.4457732375 37.6124398975 37.7946752537523 38.1175919012523 38.4405085487523 38.6541065225 38.8207731825 38.9874398425 39.1541065025 39.3207731625 39.4640117118761 39.6046367031261 39.7504662731239 39.9015079368739 40.0670803131284 40.3639552918784 40.6608302706284 40.8921140831307 41.0952390593807 41.2843184612523 41.4405684487523 41.5968184362523 41.6968410062478 41.7905910087478 41.9077615743762 42.0483865656262 42.1635829312478 42.0489996087478 41.9344162862478 41.89999988 41.89999988 41.9280909912478 42.0218409937478 42.1155909962478 42.2468259312478 42.3822425987478 42.5124546975 42.6374546925 42.7795800081194 43.0764550118694 43.3733300156194 43.7175763512432 44.0821596887432 44.4233338031216 44.7097921343716 44.9962504656216 44.9406589337613 44.8469089062613 44.9873641225 45.3623641075 45.7134925512478 45.8489092187477 45.9843258862477 -9999 -9999 -9999
36.849598965975 36.9942226372903 37.1279031913181 37.2615837453458 37.4171305381264 37.5751166390986 37.7374398925 37.9041065525 38.0898016190305 38.447440485975 38.8050793529194 39.0291065075 39.1957731675 39.3624398275 39.5291064875 39.6957731475 39.854630434793 40.0126165357652 40.1584586307625 40.2921391847903 40.4472698385458 40.7962281464625 41.1451864543791 41.452846617993 41.7427771428541 42.0030558970861 42.1940281040305 42.385000310975 42.4572701820806 42.5162979651361 42.6247691634041 42.7827552643764 42.9101232243028 42.7608176823583 42.6115121404139 42.56666652 42.56666652 42.5843535170806 42.6433813001361 42.7024090831917 42.7989217987472 42.8996162468028 43.0124546775 43.1374546725 43.2709308374236 43.4810002925625 43.6910697477014 43.9363640404084 44.196780719575 44.4493943218708 44.6837693239542 44.9181443260375 45.0135127329305 45.0933738026527 45.3206974425 45.6956974275 46.0433662276361 46.1440606756917 -9999 -9999 -9999 -9999
37.2271936890989 37.3926569420866 37.5350180384755 37.6773791348644 37.8494158543766 38.0247630650711 38.2001102757655 38.37545748646 38.5715629596544 38.9552434953488 39.3389240310433 39.5768463292377 39.7521935399322 39.9275407506266 40.1028879613211 40.2782351720155 40.4613917479199 40.6454195093088 40.8129661122966 40.9640077593799 41.1460136623774 41.6078191543218 42.0696246462663 42.4354727324289 42.7601255017345 43.04732339854 43.2469761728456 43.4466289471512 43.5197699945866 43.5787977609755 43.6785946752034 43.8192196831201 43.9300914663211 43.7721053570155 43.61411924771 43.5484465747868 43.5224049227034 43.5114492354134 43.5357547990245 43.5600603626356 43.6296602156234 43.7043129949289 43.7997840367345 43.91610348104 44.0365745178456 44.1945606271511 44.3525467364567 44.521464700549 44.6950758227712 44.8738889912467 45.0648612148578 45.255833438469 45.41713010229 45.5751162115956 45.8155078754069 46.1384245562402 46.4374696925 46.5208030225 -9999 -9999 -9999 -9999
37.7150346414602 37.9030610862538 38.0801444020871 38.2572277179205 38.4483679106269 38.6410762310436 38.8337845514602 39.0264928718769 39.2399594547936 39.6410011002102 40.0420427456269 40.2973261535436 40.4900344739603 40.6827427943769 40.8754511147936 41.0681594352102 41.2842958587538 41.5030458395871 41.7139889543807 41.9171139306307 42.1633120904355 42.7987286796022 43.4341452687689 43.8399928314565 44.1472844910398 44.4171212781232 44.5994129427065 44.7817046072899 44.8843407337538 44.9780907195872 45.0692384331194 45.1577801118694 45.2234879197936 45.0828629202103 44.942237920627 44.8453403468694 44.7672153656194 44.7093784062463 44.698961750413 44.6885450945796 44.7390414493732 44.7963331189565 44.8744430510398 44.9734013856232 45.0765113127065 45.2171363122898 45.3577613118732 45.4728786833258 45.5770453666592 45.6968181937463 45.8530681979129 46.0093182020796 46.1515113593731 46.2921363589565 46.4717955762387 46.6905455987387 46.8958030075 46.9791363375 -9999 -9999 -9999 -9999
38.1790915775 38.3874249025 38.5957582275 38.8040915525 39.0139867468771 39.224056177016 39.43325818 39.641591505 39.8710290623654 40.2911679226431 40.7113067829209 40.98325811 41.191591435 41.39992476 41.608258085 41.81659141 42.0608478389562 42.3091117238173 42.5634475929294 42.8238642137628 43.1373871365994 43.9307898767382 44.7241926168771 45.165346532984 45.4552770828451 45.7087931697938 45.8771959349327 46.0455987000716 46.174954645 46.29995464 46.3824506445118 46.4223812043729 46.4458782975 46.3208783025 46.1958783075 46.0684490201346 45.9399768148568 45.8375148925 45.7958482275 45.7541815625 45.7859228956229 45.825853455484 45.8874697025 45.9708030325 46.0586339198654 46.1871061251432 46.3155783304209 46.3821034246507 46.4220339845118 46.4858939731186 46.6056856527019 46.7254773322853 46.8452690118686 46.9650606914519 47.0865872186784 47.2098511085395 47.3291364075 47.4124697375 47.4958030675 47.5208332625 47.5208332625 -9999
38.4290915675 38.6374248925 38.8457582175 39.0540915425 39.2796054831274 39.5070360229885 39.724924835 39.93325816 40.1661554276436 40.6210165073659 41.0758775870881 41.358258095 41.56659142 41.774924745 41.98325807 42.191591395 42.4202290860393 42.6511318611782 42.9488266670976 43.3134099462643 43.7224502934052 44.5332141432663 45.3439779931274 45.7781999970115 46.0507694371504 46.2973285452107 46.4830924200718 46.6688562949329 46.79995462 46.924954615 46.9987763354837 47.0213457856226 47.0292116075 46.9042116125 46.7792116175 46.6274893248564 46.4642949001341 46.3375148725 46.2958482075 46.2541815425 46.2703041543726 46.2928736045115 46.3458030175 46.4291363475 46.5204268951437 46.6836213198659 46.8468157445881 46.9116235753448 46.9341930254837 46.9702878068679 47.0379961572845 47.1057045077012 47.1734128581178 47.2411212085345 47.3279129413171 47.4338157214559 47.5374697325 47.6208030625 47.7041363925 47.7291665875 47.7291665875 47.7224039327107
38.6790915575 38.8874248825 39.0957582075 39.3040915325 39.5452242193776 39.790015868961 40.01659149 40.224924815 40.4612817929219 40.9508650920886 41.4404483912553 41.73325808 41.941591405 42.14992473 42.358258055 42.56659138 42.7796103331224 42.993151998539 43.3342057412658 43.8029556787658 44.307513450211 45.1356384097943 45.9637633693776 46.3910534610391 46.6462617914557 46.8858639206276 47.088988905211 47.2921138897943 47.424954595 47.54995459 47.6151020264557 47.6203103668724 47.6125449175 47.4875449225 47.3625449275 47.1865296295781 46.9886129854114 46.8375148525 46.7958481875 46.7541815225 46.7546854131224 46.759893753539 46.8041363325 46.8874696625 46.982219870422 47.1801365145886 47.3780531587553 47.441143726039 47.4463520664557 47.4546816406171 47.4703066618671 47.4859316831171 47.5015567043671 47.5171817256171 47.5692386639557 47.6577803343724 47.7458030575 47.8291363875 47.9124697175 47.9374999125 47.9374999125 47.9359392981276
38.9497468809057 39.1702329752112 39.3907190695168 39.6112051638223 39.8473100193721 40.0851572400666 40.314330151739 40.5348162460446 40.78315301 41.28315299 41.78315297 42.0790914175 42.2874247425 42.5030409662558 42.7356798298669 42.968318693478 43.2228237766782 43.4797681789004 43.8460086931887 44.3217031345776 44.8318215279832 45.6530020586777 46.4741825893721 46.9212505448003 47.207708842717 47.4780407395891 47.7106796032002 47.9433184668113 48.0463219056164 48.1348635926997 48.1670224273554 48.1427168887442 48.1095891711835 47.996741945489 47.8838947197946 47.7382519189005 47.5785296711227 47.4505399847888 47.3967205504833 47.3429011161777 47.3374997125 47.3374997125 47.3791362375 47.4624695675 47.5534141535996 47.7131364013774 47.8728586491551 47.9038280409665 47.8795225023553 47.8624998275 47.8624998275 47.8624998275 47.8734329197946 47.8855856891001 47.93330296 48.01663629 48.1011804945168 48.1966665938224 48.2921526931279 48.3123305875666 48.300177818261 48.2807421968663
39.229254508267 39.4671017122948 39.7049489163226 39.9427961203503 40.1650245931219 40.3855107040941 40.6146711074337 40.8525183114614 41.11648633 41.61648631 42.11648629 42.4124247375 42.6207580625 42.8467784337562 43.1141395168118 43.3815005998674 43.7019653783458 44.028354219457 44.4119934184659 44.8529656404104 45.3300916611774 46.1339110821496 46.9377305031218 47.4160233927177 47.754565019801 48.0717781804229 48.3391392634785 48.606500346534 48.6661323568656 48.7025907147822 48.6913405042993 48.6323127462437 48.5696523246559 48.4741662086837 48.3786800927115 48.286837909457 48.1965601005681 48.1120045677052 48.0408240236774 47.9696434796496 47.9624996875 47.9624996875 48.0041362125 48.0874695425 48.171494808043 48.2617726169319 48.3520504258207 48.3378683673548 48.2788406092993 48.2374998125 48.2374998125 48.2374998125 48.2640516177115 48.2935654967392 48.34996961 48.43330294 48.5195769663226 48.6324241753504 48.7452713843781 48.7585174165941 48.7290035375663 48.6818027256155
39.5124098375 39.7624098275 40.0124098175 40.2624098075 40.4796104206284 40.6931520693784 40.9223074693716 41.1670991356216 41.4378386281284 41.9430469318784 42.4482552356284 42.7530459562568 42.9717959287568 43.2123946175 43.5040612725 43.7957279275 44.1623645275 44.5373645125 44.9305805168716 45.3420388431216 45.7908618618716 46.5773201731216 47.3637784843716 47.8623644675 48.2373644525 48.5858339056216 48.8722922368716 49.1587505681216 49.1921854531284 49.1973937768784 49.1609655356284 49.0828405293784 49.0047155231284 48.9265905168784 48.8484655106284 48.7958481675 48.7541815025 48.7031511287568 48.6302344462568 48.5573177637568 48.54999973 48.54999973 48.591636255 48.674969585 48.7536323743716 48.7900907156216 48.8265490568716 48.7791965775 48.6958632475 48.6359391406216 48.6307308168716 48.6255224931216 48.6577990818716 48.6942574231216 48.7489317312432 48.8218484137432 48.9009924512568 49.0364090937568 49.1718257362568 49.1942800481352 49.1682383543852 49.1094238187432
39.8040764925 40.0540764825 40.3040764725 40.5540764625 40.7868958218786 41.0177985803509 41.2469664886769 41.4743970452047 41.7312351382675 42.2538045517397 42.776373965212 43.1106723148684 43.3641445068128 43.6290612675 43.9207279225 44.2123945775 44.5790311775 44.9540311625 45.3385728745103 45.7326700910381 46.1641320000658 46.9332292015936 47.7023264031214 48.1956977875 48.5706977725 48.9139651602047 49.1830623817325 49.4521596032603 49.499470837712 49.5220402711842 49.5029731396564 49.4422092431286 49.3814453466009 49.3206814500731 49.2599175535453 49.2125148175 49.1708481525 49.130221892924 49.0920274298684 49.0538329668128 49.04999971 49.04999971 49.091636235 49.174969565 49.2519025242325 49.2709997557603 49.290096987288 49.2375298925 49.1541965625 49.0890704068714 49.0665009733992 49.0439315399269 49.0588470189547 49.0779442504825 49.1065831815205 49.144777644576 49.1961187498684 49.3662576118129 49.5363964737573 49.6057194910526 49.6317611264693 49.5990197179094
40.0957431475 40.3457431375 40.5957431275 40.8457431175 41.0941812231289 41.3424450913233 41.5716255079822 41.7816949547878 42.0246316484066 42.5645621716011 43.1044926947955 43.46829867348 43.7564930848689 44.0457279175 44.3373945725 44.6290612275 44.9956978275 45.3706978125 45.7465652321489 46.1233013389545 46.53740213826 47.2891382300655 48.0408743218711 48.5290311075 48.9040310925 49.2420964147878 49.4938325265933 49.7455686383989 49.8067562222955 49.84668676549 49.8449807436844 49.8015779568789 49.7581751700733 49.7147723832678 49.6713695964622 49.6291814675 49.5875148025 49.5572926570911 49.55382041348 49.5503481698689 49.54999969 49.54999969 49.591636215 49.674969545 49.7501726740933 49.7519087958989 49.7536449177044 49.6958632075 49.6125298775 49.5422016731211 49.5022711299267 49.4623405867322 49.4598949560378 49.4616310778433 49.4642346317978 49.4677068754089 49.49124504848 49.6961061298689 49.9009672112578 50.01715893397 50.0952838985534 50.0886156170755
40.424909775 40.6702278943709 40.9046028964542 41.1389778985375 41.3874097625 41.6374097525 41.86659142 42.074924745 42.3180281585458 42.8753197914625 43.4326114243791 43.8040613125 44.0957279675 44.3920764856291 44.6993681285458 45.0066597714625 45.3608076506209 45.7201826477042 46.0795576447875 46.4389326418709 46.8341154704084 47.5528654645751 48.2716154587417 48.7280008054084 49.0717508145751 49.3827278068709 49.6171028089542 49.8514778110375 49.9405985912583 50.0135152320916 50.0447953079249 50.0343786187583 50.0239619295916 50.013545240425 50.0031285512583 49.9817800172958 49.9557383402125 49.9421816006292 49.9578065885458 49.9734315764625 49.974999725 49.974999725 50.0088294072875 50.0765377493709 50.1390565985458 50.1546815864625 50.1703065743791 50.1385602245916 50.086476870425 50.0421965931292 50.0161549160458 49.9901132389625 50.0156133062583 50.0468632820916 50.0703064227125 50.0859314106292 50.1160869068626 50.2775452681125 50.4390036293625 50.4036889901544 50.2838974772377 50.1375755125
40.758243095 40.9983591322873 41.2153730246484 41.4323869170095 41.6790764175 41.9290764075 42.158258075 42.3665914 42.6114246686849 43.1860774113238 43.7607301539627 44.1373946325 44.4290612875 44.7306118793794 45.0552646320183 45.3799173846572 45.720188897704 46.0622027850651 46.4042166724262 46.7462305597873 47.1223224317968 47.806350206519 48.4903779812412 48.9120411084634 49.2210688981857 49.5025257364539 49.7195396288151 49.9365535211762 50.0551693804254 50.1628082407032 50.228810535981 50.2531160662588 50.2774215965366 50.3017271268143 50.3260326570921 50.327259839935 50.3185792725738 50.3223836427127 50.3553697403516 50.3883558379905 50.391666375 50.391666375 50.4168217815928 50.4671690139539 50.515786413685 50.5487725113238 50.5817586089627 50.5795198632032 50.562158728481 50.5473986218794 50.5387180545183 50.5300374871572 50.5885173770921 50.6544895723699 50.7039806650739 50.7369667627128 50.7775640814451 50.8869391135285 50.9963141456118 50.7874513175122 -9999 -9999
41.2912351476297 41.51659113 41.724924455 41.93325778 42.1712667356204 42.4125861832593 42.6417615966019 42.858775463963 43.1096944985278 43.6669861814445 44.2242778643611 44.5896545165926 44.8726406292315 45.1681117193704 45.4927644970093 45.8174172746482 46.0561671174444 46.2853339291111 46.56654642 46.89987974 47.26642612 47.93309276 -9999 -9999 -9999 49.5624247875 49.7707581125 49.9790914375 50.1124548575 50.2374548525 50.3208182825 50.3624849475 50.4041516125 50.4458182775 50.4874849425 50.5 50.5 50.546298259852 50.7008119755465 50.855325691241 50.8864516312593 50.9038127159815 50.9289806683982 50.9619667910371 50.9984125689723 51.0661208610557 51.133829153139 51.1480929040926 51.1394123617315 51.1281307987407 51.1107697140185 51.0934086292963 51.1432080243611 51.2004997272777 51.2022761682127 51.1484568672405 51.108303145 51.191636475 51.274969805 51.3 -9999 -9999
42.0238865079069 42.224924435 42.43325776 42.641591085 42.8639812943701 43.0879396322868 43.3171025372965 43.5514775143799 43.8128382381104 44.3180465918604 44.8232549456104 45.1608413072868 45.4264663102035 45.7045762906201 46.0118679585368 46.3191596264535 46.3687422424414 46.3895757374414 46.56654642 46.89987974 47.26642612 -9999 -9999 -9999 -9999 -9999 -9999 -9999 -9999 -9999 -9999 50.3624849475 50.4041516125 50.4458182775 50.4874849425 50.5 50.5 50.6139250019386 50.994133144022 51.3743412861053 51.4593557187598 51.5114390229265 51.5453063677034 51.5609313806201 51.5869353693897 51.7067269906397 51.8265186118897 51.8442797147868 51.8182380627034 51.7843933412402 51.7323100370735 51.6802267329069 51.6796851956103 51.6848935693603 51.5651925422377 51.3204010343211 51.108303145 -9999 -9999 -9999 -9999 -9999
42.7207730225 42.8994044760366 43.106001704231 43.3125989324254 43.5191961606199 43.7257933888143 43.9532089395088 44.2014728327032 44.4706679725 44.9290012875 45.3873346025 45.6926218278859 45.9322052370525 46.1873948425 46.4790614975 46.7707281525 46.8 -9999 -9999 -9999 -9999 -9999 -9999 -9999 -9999 -9999 -9999 -9999 -9999 -9999 -9999 -9999 -9999 -9999 -9999 -9999 -9999 -9999 -9999 51.9 51.974969865 52.058303195 52.1 52.1 52.1174712780119 52.2928184220397 52.4681655660674 52.490466935481 52.4470641736754 52.3896158924794 52.2993381752572 52.2090604580349 52.1625150875 52.1208484225 52.1 -9999 -9999 -9999 -9999 -9999 -9999 -9999
43.0957730075 43.269202378953 43.4584384974252 43.6476746158974 43.8369107343697 44.0261468528419 44.2362012938141 44.4671040772863 44.7206679625 45.1790012775 45.6373345925 45.8697427020511 46.0051594528844 46.1873948425 46.4790614975 46.7707281525 46.8 -9999 -9999 -9999 -9999 -9999 -9999 -9999 -9999 -9999 -9999 -9999 -9999 -9999 -9999 -9999 -9999 -9999 -9999 -9999 -9999 -9999 -9999 51.9 51.974969865 52.058303195 52.1 52.1 52.1261204287076 52.3882731213465 52.6504258139854 52.6866537661752 52.6258898946474 52.5354743574784 52.3757522013673 52.2160300452562 52.1625150875 52.1208484225 52.1 -9999 -9999 -9999 -9999 -9999 -9999 -9999
43.4707729925 43.6390002818694 43.8108752906194 43.9827502993694 44.1546253081194 44.3265003168694 44.5191936481194 44.7327353218694 44.9706679525 45.4290012675 45.8873345825 46.0468635762162 46.0781136687162 -9999 -9999 -9999 -9999 -9999 -9999 -9999 -9999 -9999 -9999 -9999 -9999 -9999 -9999 -9999 -9999 -9999 -9999 -9999 -9999 -9999 -9999 -9999 -9999 -9999 -9999 -9999 51.974969865 52.058303195 52.1 52.1 52.1347695794033 52.4837278206533 52.8326860619033 52.8828405968693 52.8047156156193 52.6813328224774 52.4521662274774 52.2229996324774 52.1625150875 52.1208484225 -9999 -9999 -9999 -9999 -9999 -9999 -9999 -9999
43.833628966516 43.9796315572858 44.1341454563136 44.2886593553414 44.4541063625 44.6207730225 44.8021860024247 44.9983665664525 45.2134025603814 45.598819309548 45.9842360587147 46.1 -9999 -9999 -9999 -9999 -9999 -9999 -9999 -9999 -9999 -9999 -9999 -9999 -9999 -9999 -9999 -9999 -9999 -9999 -9999 -9999 -9999 -9999 -9999 -9999 -9999 -9999 -9999 -9999 -9999 -9999 -9999 -9999 -9999 -9999 -9999 52.941696825 52.858363495 52.8 -9999 -9999 -9999 -9999 -9999 -9999 -9999 -9999 -9999 -9999 -9999 -9999
44.1912803417933 44.3077627952022 44.4449155845078 44.5820683738133 44.7457730175 44.9124396775 45.08517835673 45.2639978110356 45.4530234195466 45.7342735103799 46.0155236012132 46.1 -9999 -9999 -9999 -9999 -9999 -9999 -9999 -9999 -9999 -9999 -9999 -9999 -9999 -9999 -9999 -9999 -9999 -9999 -9999 -9999 -9999 -9999 -9999 -9999 -9999 -9999 -9999 -9999 -9999 -9999 -9999 -9999 -9999 -9999 -9999 -9999 -9999 -9999 -9999 -9999 -9999 -9999 -9999 -9999 -9999 -9999 -9999 -9999 -9999 -9999
44.541636325 44.6358940331187 44.755685712702 44.8754773922853 45.0374396725 45.2041063325 45.3707729925 45.5374396525 45.707739010202 45.9108640197853 46.1139890293687 46.2405910262117 -9999 -9999 -9999 -9999 -9999 -9999 -9999 -9999 -9999 -9999 -9999 -9999 -9999 -9999 -9999 -9999 -9999 -9999 -9999 -9999 -9999 -9999 -9999 -9999 -9999 -9999 -9999 -9999 -9999 -9999 -9999 -9999 -9999 -9999 -9999 -9999 -9999 -9999 -9999 -9999 -9999 -9999 -9999 -9999 -9999 -9999 -9999 -9999 -9999 -9999
44.874969645 44.964025271035 45.0664558408962 45.1688864107573 45.3291063275 45.4957729875 45.6624396475 45.8291063075 45.9976758100628 46.1834397099239 46.369203609785 46.4177119003769 -9999 -9999 -9999 -9999 -9999 -9999 -9999 -9999 -9999 -9999 -9999 -9999 -9999 -9999 -9999 -9999 -9999 -9999 -9999 -9999 -9999 -9999 -9999 -9999 -9999 -9999 -9999 -9999 -9999 -9999 -9999 -9999 -9999 -9999 -9999 -9999 -9999 -9999 -9999 -9999 -9999 -9999 -9999 -9999 -9999 -9999 -9999 -9999 -9999 -9999
45.208302965 45.2921565089515 45.3772259690904 45.4622954292293 45.6207729825 45.7874396425 45.9541063025 46.1207729625 46.2876126099237 46.4560154000626 46.6244181902015 46.594832774542 -9999 -9999 -9999 -9999 -9999 -9999 -9999 -9999 -9999 -9999 -9999 -9999 -9999 -9999 -9999 -9999 -9999 -9999 -9999 -9999 -9999 -9999 -9999 -9999 -9999 -9999 -9999 -9999 -9999 -9999 -9999 -9999 -9999 -9999 -9999 -9999 -9999 -9999 -9999 -9999 -9999 -9999 -9999 -9999 -9999 -9999 -9999 -9999 -9999 -9999
