External_files/Climatic_data/REF/SUNSHINE/CRU_SUN_REF_6.asc
NCOLS 66 
NROWS 34 
XLLCORNER 2.0833 
YLLCORNER 42.16666678 
CELLSIZE 0.08333333 
NODATA_value -9999 
[rows 0 to 26 of 34, columns 0 to 61 of 66]
49.079670622291999 49.0890906268754 49.0109656289587 48.932840631042 48.8219162637508 48.7073329329174 48.6022913340974 48.5068052264585 48.4737668920826 49.0050168729159 49.5362668537493 49.8039373534029 49.958451235764 50.0911164093729 50.172713634234 50.2543108590951 50.6623397116677 51.1067841355565 51.4419324723614 51.6676269070836 51.8964350663884 52.153379501944 52.4103239374995 52.7280009279174 53.0717509120841 53.5252644797938 54.2353338899327 54.9454033000716 55.6492252243746 56.3523501972913 56.9938877523599 57.5737488437487 58.0947954245826 58.0843787604159 58.0739620962492 57.2594469305521 56.0997247644409 54.9810988460441 53.9585294359052 52.9359600257663 52.7599253418771 52.678328117016 52.8179249369424 53.1790360391647 53.2697746790978 50.9173442159034 48.564913752709 47.4538550577087 46.875730079792 46.4474241118754 46.3692991139587 46.2911741160421 46.2927045562508 46.3031212204174 46.180821590208 -9999 -9999 -9999 -9999 -9999 -9999 -9999
49.212988942292 49.2593937387493 49.2073104095826 49.1552270804159 49.1406287362523 49.1302120637523 49.080761040208 48.9922193781246 48.9519406774955 49.3477740074955 49.7436073374955 49.9936824183348 50.1811824066682 50.2859694181276 50.197427747711 50.1088860772943 50.5263915543701 51.0003498822868 51.3910349877125 51.6983266306291 51.9973150093761 52.2212733306261 52.4452316518761 52.8331678741697 53.2915011808363 53.8824871643739 54.7835287981239 55.6845704318739 56.4028729137523 57.1007895462523 57.7102284750045 58.2310617750045 58.6833934716607 58.5167268283273 58.350060184994 57.3197771439655 55.9187355135489 54.6909223987478 53.8680057712478 53.0450891437478 52.962499949991 52.962499974991 53.0145456499955 53.1187123249955 53.0007687966787 50.8757688483454 48.7507689000121 47.7043777183303 47.1210444166637 46.6859695106216 46.5974278568716 46.5088862031216 46.5890266443761 46.6879849706261 46.5787608760398 46.2610525606231 45.9220674354174 45.3908174545841 -9999 -9999 -9999 -9999
49.4508299046534 49.4989895645821 49.412184015971 49.3253784673599 49.4010078737537 49.4947578595871 49.4887533895133 49.3828506177077 49.3061824008258 49.4936824141592 49.6811824274925 49.9172685005581 50.1742129277803 50.3640505993794 50.3970366970183 50.4300227946571 50.6566812814502 50.904945182978 51.2781188786874 51.7763827285486 52.2525045397935 52.5285461902102 52.8045878406269 53.3053399469494 53.9025621313939 54.5752142731231 55.4241725777064 56.2731308822898 57.0799186012538 57.8820018920871 58.6476531833408 59.3768198000075 59.9890493361011 59.5446049372122 59.1001605383233 58.2172273341092 57.1460467884147 56.1180433312462 55.1909600454129 54.2638767595795 53.7959839249849 53.3793173166516 53.1187876666591 53.0146210249925 52.7644567061312 51.195012268909 49.6255678316868 48.6488723888839 47.9266502094394 47.3474843768693 47.1026927356193 46.8579010943693 46.9692161031269 47.1202577585435 46.993722854233 46.5892089902052 46.175527069029 45.6789993076402 45.1824715462513 -9999 -9999 -9999
49.6886708670148 49.7385853904149 49.6170576223594 49.4955298543038 49.6613870112553 49.8593036554219 49.8967457388186 49.7734818572908 49.6604241241562 49.6395908208228 49.6187575174895 49.8408545827813 50.1672434488924 50.4421317806311 50.5966456463256 50.75115951202 50.7869710085303 50.8095404836692 51.1652027696624 51.854438826468 52.507694070211 52.8358190497943 53.1639440293776 53.7775120197292 54.5136230819515 55.2679413818724 56.0648163572891 56.8616913327057 57.7569642887553 58.663214237922 59.5850778916772 60.5225778250106 61.2947052005416 60.5724830460971 59.8502608916526 59.1146775242528 58.3733580632806 57.5451642637448 56.5139143195781 55.4826643754114 54.6294678999789 53.7961346583123 53.2230296833228 52.9105297249894 52.5281446155837 51.5142556894726 50.5003667633615 49.5933670594375 48.7322560022152 48.0089992431171 47.6079576143671 47.2069159856171 47.3494055618776 47.552530546461 47.4086848324262 46.9173654197873 46.4289867026407 45.9671811606962 45.5053756187518 45.505136555422 -9999 -9999
50.0343411837478 50.0765905668784 49.9984655606284 49.9203405543784 50.0436974024955 50.1895307424955 50.2234655881284 50.1453405818784 50.0568364481149 49.8745448168649 49.6922531856149 49.958168097509 50.416501387509 50.7921217081261 50.9744133643761 51.1567050206261 51.1609430631239 51.1453180668739 51.3899218706104 51.8951302243603 52.4221346369032 53.1460928631532 53.8700510894032 54.8199344418965 55.8668093406465 56.8465776087523 57.6694942362523 58.4924108637523 59.062304134973 59.603970854973 60.3460135081239 61.2887218068739 62.0409748862342 61.0722249687342 60.1034750512342 59.2403996956171 58.4226914168671 57.608104351892 56.800812670642 55.993520989392 55.1956005693807 54.3987255856307 53.83345378 53.50012046 53.1263091087659 52.3867257612659 51.6471424137659 50.7909527512478 49.8847027937478 49.1111050856217 48.6475634468717 48.1840218081217 48.1140717843581 48.0880301656081 47.7861468181194 47.2080218568694 46.6449463437523 46.2178630212523 45.7907796987523 -9999 -9999 -9999
50.391992559025 50.4255301331291 50.3994884560458 50.3734467789625 50.4395557324945 50.5159446336056 50.5411551452124 50.5151134681291 50.4579344018626 50.1193927831126 49.7808511643626 50.0970069169555 50.6942290847332 51.1723237668764 51.3719765328486 51.5716292988208 51.5619909752069 51.5290048692347 51.6521560549126 51.9316699822737 52.2987141470483 53.4567001163539 54.6146860856594 55.9257181153734 57.3024540988456 58.523648339586 59.3812871865305 60.2389260334749 60.4374545549669 60.5624546416335 61.0873391940958 62.0126863831236 62.7250904526196 61.5132849990084 60.3014795453973 59.2803741721431 58.3411381253376 57.5194685481457 56.9725935127291 56.4257184773124 55.7320274906319 55.021958055493 54.50012042 54.1667871 53.8171933707138 53.3206655593249 52.824137747936 52.0166597126361 51.0756875356917 50.2621655593708 49.7465405914542 49.2309156235375 48.9214577156042 48.6349994510209 48.1594421313125 47.4945116214514 46.8567393123639 46.4643782093083 -9999 -9999 -9999 -9999
50.5143978759012 50.5401010722933 50.5487816229877 50.5574621736822 50.6114370862533 50.6704648526421 50.7 50.7 50.6818365081689 50.4995447269189 50.3172529456689 50.6560469866471 51.2185470183138 51.6671216181201 51.8494132910368 52.0317049639534 52.1062272800195 52.1687272233529 52.3396558232851 52.6191696423128 53.0251352647548 54.5737462236437 56.1223571825326 57.5567910537207 58.9422077462207 60.1356682131006 60.8804599176839 61.6252516222672 61.7499796116927 61.8055350928039 62.2132665962206 62.9736833137206 63.5384552773161 62.3353302577328 61.1322052381495 60.0469013588824 59.0121791961046 58.1418420491536 57.6557309935981 57.1696199380425 56.5523115700065 55.9203671327843 55.4809916101552 55.2344637970997 54.9630264398383 54.466498745116 53.9699710503938 53.1442733057623 52.1772594600678 51.3324937662467 50.7734660198578 50.214438273469 49.6819623847704 49.1524485757426 48.5552754379943 47.8903448864665 47.257762004451 46.9174842222288 -9999 -9999 -9999 -9999
50.4015569085398 50.4203031593769 50.4463448197935 50.4723864802102 50.5593412487537 50.6530912345871 50.7 50.7 50.7285425969257 51.0150007781757 51.3014589594257 51.6352887099775 51.9894554249775 52.2765153718694 52.4067237156194 52.5369320593694 52.7936521150226 53.0644853750226 53.4524215839828 53.9576298293995 54.601398805871 56.4972319592043 58.3930651125377 59.7131537612163 60.7860704787162 61.6826371668469 62.1670122255969 62.6513872843468 62.9998792450301 63.3332124816968 63.7237960837162 64.1717128262162 64.4810694844033 63.5383611106533 62.5956527369033 61.5399819533259 60.4358153516592 59.475225537485 58.8502256041517 58.2252256708183 57.6564530800076 57.0939530816743 56.7760676521022 56.7031509362689 56.5638087528904 55.824225522057 55.0846422912237 54.1737934364565 53.1894184810398 52.3220896287463 51.7283396629129 51.1345896970796 50.3955857468505 49.6403775114338 48.9736467598011 48.3955217568845 47.8480146016742 47.5771812583409 -9999 -9999 -9999 -9999
50.3279506688216 50.341651565 50.38331823 50.424984895 50.5369359368686 50.656727616452 50.7192688914647 50.7244772068814 50.7995716750673 51.5061688749284 52.2127660747895 52.541606505 52.708273165 52.8484092531186 52.926534267702 53.0046592822853 53.424834655 53.88316797 54.4802899211452 55.2164009083674 56.0986839677019 58.3018088972853 60.5049338268686 61.7096155393558 62.4856572281058 63.1061571316752 63.3631015422307 63.6200459527863 64.1628131739477 64.7374659582532 65.1108753214647 65.2827502968814 65.3683063261282 64.6738618622393 63.9794173983504 62.9448709130385 61.7643154519274 60.7117305895791 59.9582584093013 59.2047862290235 58.6840329781314 58.1892413135481 57.9798333513803 58.0562222608248 58.034529778048 57.1265435320758 56.2185572861036 55.2534826095962 54.2638992804295 53.3736751305844 52.7156891579455 52.0577031853066 51.1341989656314 50.1810739860481 49.4586845216079 48.9673650673024 48.5037227677019 48.2901811272853 48.0766394868686 47.8776736797596 47.6849654426762 -9999
50.6074582961829 50.63331822 50.674984885 50.71665155 50.7817463531179 50.8494547035345 50.9119584535488 50.9692500981321 51.0895084749282 51.7787445650671 52.467980655206 52.791606495 52.958273155 53.0828030218679 53.1088447072845 53.1348863927012 53.54983465 54.008167965 54.744078593927 55.7579673367048 56.8851610622845 59.0362026627012 61.1872442631179 62.2669635806036 62.8867552818536 63.4186320483429 63.7450208977873 64.0714097472318 64.5430528410298 65.0309000767242 65.3868981635488 65.6108564681322 65.757145018908 65.2015894327969 64.6460338466858 63.5560321969254 62.2365878580365 61.0763264604119 60.2881320606897 59.4999376609675 59.0225557968822 58.5798474614655 58.3618028986016 58.3687473691571 58.3346948420831 57.9301807780554 57.5256667140276 56.784694850431 55.8992781795977 54.9831694693297 53.9953224119685 53.0074753546074 52.0977217343822 51.1966800839655 50.5437224834147 50.1392085777203 49.7485332522845 49.4829082827012 49.2172833131178 48.8204763451725 48.3673514622558 48.009423928707
50.8869659235443 50.924984875 50.96665154 51.008318205 51.0265567693671 51.0421817906171 51.1046480156329 51.2140229893829 51.379445274789 52.0513202552057 52.7231952356224 53.041606485 53.208273145 53.3171967906171 53.2911551468671 53.2651135031171 53.674834645 54.13316796 55.0078672667088 56.2995337650421 57.6716381568671 59.7705964281171 61.8695546993671 62.8243116218513 63.2878533356013 63.7311069650105 64.1269402533439 64.5227735416772 64.9232925081118 65.3243341951952 65.6629210056329 65.9389626393829 66.1459837116878 65.7293170033544 65.3126502950211 64.1671934808123 62.7088602641456 61.4409223312447 60.6180057120781 59.7950890929114 59.3610786156329 58.9704536093829 58.7437724458228 58.6812724774895 58.6348599061182 58.7338180240349 58.8327761419515 58.3159070912659 57.5346570787659 56.5926638080749 55.2749556659915 53.9572475239082 53.061244503133 52.212286181883 51.6287604452216 51.3110520881382 50.9933437368671 50.6756354381171 50.3579271393671 49.7632790105854 49.0497374818354 48.4157871812024
51.11665157 51.1473938693664 51.1526022264497 51.157810583533 51.2020657575115 51.2506768347337 51.3799588996729 51.5900282798118 51.8310620832988 52.3518954916321 52.8727288999655 53.1627783540335 53.3537505526446 53.5223538069124 53.6386731428847 53.7549924788569 54.3101983750346 54.9143649217013 55.8490221043491 57.1146471255991 58.4472172232988 60.3847172416321 62.3222172599654 63.2381955696672 63.715626066195 64.1857736756337 64.6388986335503 65.092023591467 65.4311318691552 65.7575207769329 66.0422731197107 66.2853286974885 66.4692237923669 66.118529345978 65.7678348995891 64.8086005293025 63.5881142833303 62.5018411585562 61.7292717050839 60.9567022516117 60.5636677612558 60.212973314867 60.0140786952171 59.9672036731337 59.9196367412473 59.8658174986084 59.8119982559694 59.118058698698 58.149308881198 57.1373819544473 56.0245345770862 54.9116871997251 54.1158998437674 53.3554831596007 52.9082075117738 52.774526857746 52.6330620076679 52.4212563807235 52.209450753779 51.6599728144677 50.9655283339121 50.2731647174654
51.324984895 51.3401209481156 51.2932459760323 51.246371003949 51.3478740725125 51.4659295886236 51.6906789945358 52.0222761427302 52.3519704666291 52.6644705582958 52.9769706499624 53.2287380576451 53.4544324757007 53.7149807606657 54.0569945230268 54.3990082853879 55.1642898700375 55.9767897333709 56.9376200930968 58.0469951268468 59.218125696629 60.9472923982957 62.6764590999624 63.5905947795295 64.1548308246684 64.7013798518844 65.2065881389677 65.711796426051 65.9936569258208 66.2506013947097 66.4659092985985 66.6395204374874 66.7643501243118 66.4483778973674 66.1324056704229 65.4629700750027 64.6417893526416 63.861184723974 63.1754208191129 62.4896569142518 62.1365718087562 61.8205995818118 61.665101457301 61.6703097643844 61.6263909177687 61.1385439320742 60.6506969463798 59.6077551061935 58.3265053136934 57.2257665082035 56.546946873898 55.8681272395924 55.2096120812688 54.5533620554355 54.2709729374714 54.3629867098325 54.4420268207258 54.4038322910036 54.3656377612814 53.9654779472473 53.4099223444695 52.7524067974622
51.4744660343716 51.4719087612433 51.3781587837433 51.2844088062432 51.3968263212297 51.5322430387297 51.7899674056014 52.1701757893514 52.5400050156959 52.816046474446 53.092087933196 53.3754173956487 53.6618756518987 54.0170012956351 54.5326262468851 55.0482511981351 55.9434115549865 56.8809115549865 57.8340252912297 58.8027753087297 59.8322429468716 61.4103678931216 62.9884928393716 63.8997743 64.524774275 65.1232437181216 65.6597020393716 66.1961603606216 66.4421102831284 66.6556519318784 66.8197501737432 66.9343335212432 67.0094765462568 66.7282265387568 66.4469765312568 66.0053926562703 65.4949759537703 64.9658318337839 64.3929150962839 63.8199983587839 63.5047906081284 63.2183322768784 63.1010223237568 63.1531056362568 63.118524461858 62.300816208108 61.483107954358 60.2171939575272 58.7588606075271 57.6188926874864 57.2230594074864 56.8272261274864 56.2627107075 55.6793773975 55.4733748030741 55.6452499368241 55.8166060950543 55.9832726050543 56.1499391150543 55.9995822169871 55.7131235857371 55.20037628
51.4866250620103 51.4615045970761 51.3330324001316 51.2045602031872 51.2197805137282 51.2510305728949 51.3959139807385 51.6545945964329 51.9513319986178 52.5919567615345 53.2325815244512 53.7104430207893 54.1184290450949 54.5742741618859 55.1419824423026 55.7096907227192 56.5476032433188 57.4156588044299 58.2819795170616 59.1465628762282 60.0805130900658 61.6412769265936 63.2020407631214 64.108107625 64.7331076 65.3263749777047 65.8454721892325 66.3645694007602 66.624395672712 66.8552984311842 67.0107349306872 67.0905960587427 67.1379362182017 66.8914084301462 66.6448806420906 66.2866049971052 65.8803549529385 65.4761857196197 65.076880079342 64.6775744390642 64.3954092943787 64.1263120728509 64.0350375051462 64.1218430370906 64.1098752711624 63.2053614688013 62.3008476664401 61.1060325469737 59.7865880747514 58.7230844474855 58.2578067285966 57.7925290097077 57.2210440025 56.6377106925 56.3015940876537 56.2130525755703 56.1776165639473 56.6220608295028 57.0665050950584 57.4004162140788 57.6868742036622 57.5753761850001
51.4987840896489 51.4511004329089 51.28790601652 51.1247116001311 51.0427347062267 50.9698181070601 51.0018605558756 51.1390134035145 51.3626589815398 52.3678670486231 53.3730751157065 54.0454686459299 54.574982438291 55.1315470281366 55.75133863772 56.3711302473033 57.1517949316511 57.9504060538734 58.7299337428934 59.4903504437267 60.32878323326 61.8721859600656 63.4155886868711 64.31644095 64.941440925 65.5295062372878 66.0312423390933 66.5329784408989 66.8066810622955 67.05494493049 67.2017196876311 67.2468585962422 67.2663958901467 67.0545903215355 66.8427847529244 66.56781733794 66.2657339521067 65.9865396054556 65.7608450624 65.5351505193445 65.2860279806289 65.0342918688233 64.9690526865356 65.0905804379245 65.1012260804666 64.1099067294944 63.1185873785222 61.9948711364201 60.8143155419756 59.8272762074844 59.2925540497066 58.7578318919289 58.1793772975 57.5960439875 57.1298133722332 56.7808552143165 56.5386270328402 57.2608490539513 57.9830710750624 58.8012502111704 59.660624821587 59.95037609
51.6390567727125 51.5860142881126 51.3724726643626 51.1589310406126 51.0203594018626 50.8901511081126 50.8952618877125 51.0358868706291 51.2834168940037 52.4969583860871 53.7104998781704 54.4758348620916 55.0487514829249 55.6560017850165 56.3435017116832 57.0310016383499 57.6997592024669 58.3664259341336 59.0669223672875 59.8012973493709 60.6067690437252 62.0546857212252 63.5026023987252 64.3529106804084 64.9466606795751 65.5076376618709 65.9920126539542 66.4763876460375 66.7639666168791 67.0295915947958 67.2067388606374 67.2952804893874 67.3666967108664 67.2833632891998 67.2000298675331 67.0037340068874 66.7589423156374 66.525074955 66.31674163 66.108408305 65.8204195293626 65.5235445756126 65.3906134562251 65.4218635237251 65.3783848988246 64.6596347213246 63.9408845438246 63.1164598536205 62.2466680040371 61.4892404668875 60.9944487856375 60.4996571043875 60.1501193250664 59.8167858217331 59.5641230252623 59.392247883179 59.2873168807669 59.7873170441003 60.2873172074336 60.4557186191383 60.4817609378883 60.1878775625
51.7935644050738 51.7370747018619 51.4714497489452 51.2058247960285 51.0151698281119 50.8328782051952 50.8206028584072 50.978588951046 51.2607786355343 52.6652923345621 54.0698060335898 54.9167945507032 55.524433390981 56.1768100600175 56.9337544255731 57.6906987911287 58.2414759391316 58.7692537930205 59.3915813949262 60.1085952672873 60.8880566178903 62.231806637057 63.5755566562237 64.3702843234635 64.9293121031857 65.4607689314539 65.927782813815 66.3947966961762 66.6962520164627 66.9792381041016 67.1910950477215 67.3317200056382 67.4638687486462 67.5194242047574 67.5749796608685 67.4568401648049 67.2641318027215 67.0667416 66.858408275 66.65007495 66.3152300106118 65.9662717276952 65.755234452057 65.6823178612236 65.5761885013291 65.1699382988292 64.7636880963292 64.2639098754308 63.7239791105697 63.2131798781382 62.7704715260549 62.3277631739716 62.2333519917371 62.1777962439594 62.1768884009601 62.2307076852656 62.3013062768741 62.5235286846518 62.7457510924296 62.1383688237074 -9999 -9999
51.974984845 51.9453829402592 51.7492022512315 51.5530215622037 51.4396202200556 51.3354534033889 51.3796171923056 51.572325479389 51.8797231936667 53.2234733711667 54.5672235486667 55.3838146413704 55.974092446926 56.6065070630926 57.3374099015648 58.068312740037 58.5383825870741 58.9793548173518 59.5539111425 60.2622444475 61.0287006075 62.3203672225 -9999 -9999 -9999 65.4373345325 65.8956678475 66.3540011625 66.6623946675 66.9540613225 67.18327313 67.34993979 67.5124548375 67.6374548325 67.7624548275 67.68339357 67.51672691 67.3843937588336 67.3323101963336 67.2802266338336 66.9923004981576 66.6780643096853 66.4323549853888 66.2552717362222 66.0847618136855 65.9736505014633 65.8625391892411 65.5728745384075 65.2065550957686 64.832952776889 64.4423277539724 64.0517027310557 64.126515348565 64.2532513903706 64.2091046728509 63.9938274689619 63.808303145 63.891636475 63.974969805 64 -9999 -9999
52.18331817 52.2109391681786 52.2057306860953 52.200522204012 52.2937118150585 52.3978783150585 52.5723067143896 52.8170983306397 53.1402524161622 54.1715026186622 55.2027528211622 55.8768952091472 56.3977285758138 56.9450925318408 57.5544676022575 58.1638426726741 58.5904784412402 58.9967284520736 59.5539111425 60.2622444475 61.0287006075 -9999 -9999 -9999 -9999 -9999 -9999 -9999 -9999 -9999 -9999 67.34993979 67.5124548375 67.6374548325 67.7624548275 67.68339357 67.51672691 67.4780307863381 67.7384471988381 67.9988636113382 67.8516315169093 67.6589230964926 67.4219759562206 67.1407260487206 66.9041057309117 67.0707721742451 67.2374386175784 67.0433543077133 66.6943959747966 66.3485588631397 66.0100171693897 65.6714754756397 65.8296088481495 66.0431504385662 65.6607701689509 64.6816041372842 63.808303145 -9999 -9999 -9999 -9999 -9999
52.3558866493158 52.4327582568289 52.5838000455788 52.7348418343288 53.0170809431404 53.313955888557 53.6099634109825 53.9051022595936 54.2464282380117 55.0051086920395 55.7637891460673 56.314764141538 56.7765696501492 57.24981973 57.74981971 58.24981969 58.3 -9999 -9999 -9999 -9999 -9999 -9999 -9999 -9999 -9999 -9999 -9999 -9999 -9999 -9999 -9999 -9999 -9999 -9999 -9999 -9999 -9999 -9999 68.7 68.625030135 68.541696805 68.3126356375 67.9376356525 67.6448025754451 68.0944550647506 68.5441075540562 68.4471679570191 68.1155707338246 67.785534214897 67.4591456237858 67.1327570326747 67.3623943875 67.6540610425 67.8 -9999 -9999 -9999 -9999 -9999 -9999 -9999
52.2065685990385 52.2609395230766 52.2557313243266 52.2505231255766 52.5639372018911 52.9128954764744 53.2523120273718 53.5821730954274 53.9634108587074 54.8088968613463 55.6543828639852 56.2557238501496 56.7522515782052 57.24981973 57.74981971 58.24981969 58.3 -9999 -9999 -9999 -9999 -9999 -9999 -9999 -9999 -9999 -9999 -9999 -9999 -9999 -9999 -9999 -9999 -9999 -9999 -9999 -9999 -9999 -9999 68.7 68.625030135 68.541696805 68.3126356375 67.9376356525 67.6776693480887 68.4571829221165 69.2366964961444 69.2509810863249 68.9367449728527 68.514826539892 67.8412157543364 67.1676049687808 67.3623943875 67.6540610425 67.8 -9999 -9999 -9999 -9999 -9999 -9999 -9999
52.0572505487613 52.0891207893244 51.9276626030744 51.7662044168244 52.1107934606419 52.5118350643919 52.8946606437613 53.2592439312613 53.6803934794031 54.6126850306531 55.5449765819032 56.1966835587613 56.7279335062613 -9999 -9999 -9999 -9999 -9999 -9999 -9999 -9999 -9999 -9999 -9999 -9999 -9999 -9999 -9999 -9999 -9999 -9999 -9999 -9999 -9999 -9999 -9999 -9999 -9999 -9999 -9999 68.625030135 68.541696805 68.3126356375 67.9376356525 67.7105361207324 68.8199107794824 69.9292854382324 70.0547942156306 69.7579192118806 69.2441188648869 68.2232858848869 67.2024529048869 67.3623943875 67.6540610425 -9999 -9999 -9999 -9999 -9999 -9999 -9999 -9999
51.770610669242 51.8006005397858 51.5801144538136 51.3596283678413 51.6904840612382 52.0828451892938 52.484748007726 52.8962062756426 53.3488351202825 54.1734880445881 54.9981409688936 55.1304419225423 -9999 -9999 -9999 -9999 -9999 -9999 -9999 -9999 -9999 -9999 -9999 -9999 -9999 -9999 -9999 -9999 -9999 -9999 -9999 -9999 -9999 -9999 -9999 -9999 -9999 -9999 -9999 -9999 -9999 -9999 -9999 -9999 -9999 -9999 -9999 70.2959388875 70.0042722325 69.8 -9999 -9999 -9999 -9999 -9999 -9999 -9999 -9999 -9999 -9999 -9999 -9999
51.4251183216033 51.4620651377022 51.2242179420077 50.9863707463133 51.2842465837377 51.6418854923488 52.05243759481 52.5159791918934 52.996473393752 53.6301541111131 54.2638348284742 54.5695591543526 -9999 -9999 -9999 -9999 -9999 -9999 -9999 -9999 -9999 -9999 -9999 -9999 -9999 -9999 -9999 -9999 -9999 -9999 -9999 -9999 -9999 -9999 -9999 -9999 -9999 -9999 -9999 -9999 -9999 -9999 -9999 -9999 -9999 -9999 -9999 -9999 -9999 -9999 -9999 -9999 -9999 -9999 -9999 -9999 -9999 -9999 -9999 -9999 -9999 -9999
50.9369218760352 51.0031820138647 50.8469317013647 50.6906813888648 51.0076792819196 51.3774708098363 51.8097173760353 52.3045090406186 52.79981966 53.29981964 53.79981962 53.9937273508078 -9999 -9999 -9999 -9999 -9999 -9999 -9999 -9999 -9999 -9999 -9999 -9999 -9999 -9999 -9999 -9999 -9999 -9999 -9999 -9999 -9999 -9999 -9999 -9999 -9999 -9999 -9999 -9999 -9999 -9999 -9999 -9999 -9999 -9999 -9999 -9999 -9999 -9999 -9999 -9999 -9999 -9999 -9999 -9999 -9999 -9999 -9999 -9999 -9999 -9999
50.1157476036739 50.2634861913692 50.4197358538693 50.5759855163693 51.0336771756714 51.5249964716436 52.0093764003406 52.4868069552017 52.96648632 53.4664863 53.96648628 54.1118079335846 -9999 -9999 -9999 -9999 -9999 -9999 -9999 -9999 -9999 -9999 -9999 -9999 -9999 -9999 -9999 -9999 -9999 -9999 -9999 -9999 -9999 -9999 -9999 -9999 -9999 -9999 -9999 -9999 -9999 -9999 -9999 -9999 -9999 -9999 -9999 -9999 -9999 -9999 -9999 -9999 -9999 -9999 -9999 -9999 -9999 -9999 -9999 -9999 -9999 -9999
