External_files/Climatic_data/REF/SUNSHINE/CRU_SUN_REF_8.asc
NCOLS 66 
NROWS 34 
XLLCORNER 2.0833 
YLLCORNER 42.16666678 
CELLSIZE 0.08333333 
NODATA_value -9999 
[rows 0 to 26 of 34, columns 0 to 61 of 66]
54.771159302361397 54.8140606218754 54.8192689539587 54.824477286042 54.7703343793756 54.7095704911812 54.6730946465973 54.6609418689585 54.6975710084022 55.1750015465966 55.652432084791 55.9039373534029 56.058451235764 56.2051620087482 56.3336342306927 56.4621064526371 56.8857728264592 57.342370027987 57.6688528399307 57.8650333872918 58.0743607710413 58.402485758958 58.7306107468746 59.0696675929174 59.4134175770841 59.8617290793769 60.5544373797935 61.2471456802102 61.9117402718746 62.5731985797913 63.2025620363879 63.799784237499 64.3394028150688 64.3585000382633 64.3775972614577 63.6508991981216 62.6040242493716 61.5841999939605 60.6276028040994 59.6710056142382 59.5390769393771 59.499146379516 59.6535196085398 60.0024779331231 60.0859073201391 57.7699351898614 55.4539630595836 54.2372487077087 53.492457069792 52.9562675950005 52.9076564844449 52.8590453738894 53.0228487650015 53.2103487533348 53.1922686006239 -9999 -9999 -9999 -9999 -9999 -9999 -9999
54.912988942292 54.9843637337493 55.0156137345826 55.0468637354159 55.0734281056269 55.0994697660436 55.1072953979159 55.0968787337493 55.1248648558303 55.4998648491637 55.874864842497 56.1186824133348 56.3061824016682 56.4343787462523 56.4239620737523 56.4135454012523 56.8388915518701 57.3128498797868 57.6853189700045 57.9561522800045 58.2295803614587 58.5264553485421 58.8233303356254 59.2331678741697 59.6915011808363 60.2700022068739 61.1293771756239 61.9887521443739 62.6700735793777 63.331531878961 63.9383421854204 64.4904254862538 64.9755640381194 64.8557723918694 64.7359807456194 63.7999440660481 62.5134857664648 61.3815285749985 60.6106952766652 59.8398619783318 59.799984882491 59.841651572491 59.9171479322875 60.0265229393708 59.9143066920961 57.7997234079295 55.6851401237629 54.5362032039565 53.8018282385398 53.2687725699955 53.2062725849955 53.1437725999955 53.4514361118761 53.8003944281261 53.7954426260398 53.4360676456231 53.0901852756239 52.8662269543739 -9999 -9999 -9999 -9999
55.1508299046534 55.2239595595821 55.220487340971 55.2170151223599 55.3181884968781 55.4310357059059 55.4649467815265 55.4198078979154 55.4026926697172 55.6388037852728 55.8749149008283 56.1256018255581 56.3825462527803 56.5905911837538 56.6843411695871 56.7780911554204 57.0108479439502 57.259111845478 57.6227438183409 58.1019104450075 58.5646435282645 58.8788796250701 59.1931157218756 59.7053399469494 60.3025621313939 60.9627293156231 61.7700209552064 62.5773125947898 63.3627379964627 64.1457240641016 64.9000849907007 65.6257793887563 66.2412830760322 65.8610747839489 65.4808664918656 64.6731012509134 63.6817818166079 62.7357202916642 61.8954425544419 61.0551648172197 60.6334688574849 60.2584689141516 60.0300642246459 59.9484670247848 59.7231209268269 58.1988153732158 56.6745098196047 55.6421373524274 54.8209568383996 54.1646812799925 53.8938479783258 53.6230146766591 53.9566255656269 54.3576672110435 54.335404599233 53.8892240702052 53.4599957952064 53.1839541447898 52.9079124943731 -9999 -9999 -9999
55.3886708670148 55.4635553854149 55.4253609473594 55.3871665093038 55.5629488881294 55.7626016457683 55.8225981651372 55.7427370620816 55.6805204836041 55.7777427213819 55.8749649591597 56.1325212377813 56.4589101038924 56.7468036212553 56.9447202654219 57.1426369095886 57.1828043360303 57.2053738111692 57.5601686666772 58.2476686100105 58.8997066950703 59.2313039015981 59.5629011081259 60.1775120197292 60.9136230819515 61.6554564243724 62.410664734789 63.1658730452057 64.0554024135478 64.9599162492423 65.861827795981 66.7611332912588 67.5070021139452 66.8663771760285 66.2257522381119 65.5462584357789 64.8500778667511 64.0899120083299 63.1801898322188 62.2704676561076 61.4669528324789 60.6752862558123 60.1429805170042 59.8704111101987 59.5319351615577 58.5979073385021 57.6638795154466 56.7480715008984 55.8400854382595 55.0605899899895 54.5814233716561 54.1022567533228 54.4618150193777 54.914939993961 54.8753665724262 54.3423804947873 53.829806314789 53.5016813352057 53.1735563556224 53.5025562747293 -9999 -9999
55.6483980756239 55.7265605768784 55.7317689006284 55.7369772243784 55.8827542868716 56.0442126231216 56.1145907875045 56.0937574425045 56.0724051443671 56.0463635006171 56.0203218568671 56.3113043512568 56.7383876487568 57.09992482 57.308258145 57.51659147 57.5515567943761 57.5671817906262 57.8274218631104 58.3326302168603 58.8565209056509 59.5492291394009 60.241937373151 61.1715025912704 62.2027524937704 63.1590926662523 63.9403426287523 64.7215925912523 65.3013610043491 65.8586527205991 66.5955020875 67.5121687175 68.2508349656104 67.3810433743603 66.5112517831103 65.7179831462432 64.9575665287432 64.2111954481397 63.4976537693897 62.7841120906397 62.0330855018807 61.2778771831307 60.7542720425 60.4626053875 60.136169140642 59.495544119392 58.854919098142 58.0320966856262 57.1310550518762 56.3454989068739 55.8298739306239 55.314248954374 55.4077538568535 55.5692122431035 55.316908042491 54.650241427491 54.0245715868807 53.7693632481307 53.5141549093807 -9999 -9999 -9999
55.9105570932625 55.9921668131291 56.0494584660458 56.1067501189625 56.2108980331209 56.3202730402042 56.3992879802833 56.4478990741722 56.4769628083931 56.3293933965876 56.181823984782 56.5091834620916 57.0404334179249 57.474924805 57.68325813 57.891591455 57.942175517293 57.9751616232653 58.1313227124126 58.4108366397738 58.7713073871845 59.8633211445456 60.9553349019067 62.2234730887748 63.5672229662748 64.752830067086 65.5688022490305 66.3847744309749 66.6087968239266 66.7667830165655 67.3038353925 68.2205020225 68.9366803704682 67.8411943528293 66.7457083351904 65.8117707904084 64.9471875145751 64.1954888602263 63.7076416078652 63.219794355504 62.5695124231319 61.901109652993 61.4209386825 61.1292720275 60.8287832327291 60.4485748573124 60.0683664818957 59.3359097949319 58.4522292709041 57.6736301381236 57.1406440521514 56.6076579661792 56.402664926432 56.2342622279598 55.7475138836 54.9419583908223 54.1998873559097 54.0314845657708 -9999 -9999 -9999 -9999
56.0477161759012 56.124969995 56.208303325 56.291636655 56.3905887237533 56.4912831551421 56.58330329 56.66663662 56.7399367798969 56.7225755701747 56.7052143604525 57.0534634943604 57.5586718481104 57.9671216181201 58.1494132910368 58.3317049639535 58.4733878598096 58.6105405824485 58.8144853566862 59.0853186250195 59.4743004317671 60.9308975099615 62.387494588156 63.7590662061496 65.0941356829551 66.2476530599804 66.9768197516471 67.7059864433138 67.8510125196061 67.9308735643284 68.3551037686528 69.1242010368473 69.7092434698161 68.6311184452328 67.5529934206495 66.5696111772868 65.6269028952035 64.8360946914469 64.4003308515858 63.9645670117247 63.3976058593832 62.8160086378554 62.4183060593897 62.2047643606397 61.9754812173383 61.603953517616 61.2324258178938 60.508649725 59.63364976 58.858529135 58.31686249 57.775195845 57.2960041191405 56.8237819880294 56.1893509943897 55.3924759856397 54.6651398189632 54.5661814760466 -9999 -9999 -9999 -9999
56.0598752035398 56.124969995 56.208303325 56.291636655 56.4218262162538 56.5572428670871 56.66663662 56.74996995 56.861326922958 57.2259101271246 57.5904933312913 57.9441447806081 58.2931031468581 58.5765153718694 58.7067237156194 58.8369320593694 59.1451939568957 59.473318886479 59.8769101600226 60.3560767450226 60.9655007960774 62.7519589589941 64.5384171219108 65.7782824076727 66.783490799756 67.6435615499775 68.1643949249775 68.6852282999775 69.0280080287764 69.3509246096097 69.7493075451764 70.2232659480931 70.5685243469033 69.7508159681533 68.9331075894033 67.9915049443694 66.9967133331194 66.1330135718619 65.5757219639452 65.0184303560285 64.5173660906345 64.0225744177178 63.746374490642 63.689082779392 63.5762635303904 62.961680294557 62.3470970587237 61.5503163500001 60.6753163850001 59.9001957600001 59.3585291150001 58.8168624700001 58.0877713374699 57.3377714508032 56.642419385642 56.001794364392 55.4203292543807 55.3734542406307 -9999 -9999 -9999 -9999
56.0904356963216 56.1463234639605 56.2313928990993 56.3164623342382 56.4718161462457 56.635010595968 56.7600381093098 56.8468436495876 56.9955780075 57.7039113125 58.4122446175 58.7707581525 58.9790914775 59.1489294587458 59.228790578468 59.3086516981902 59.7649244114562 60.2631882863173 60.8586041923236 61.5513124094069 62.3818894336026 64.458278263047 66.5346670924915 67.6466229204039 68.3445395945705 68.9342532895876 69.2710588198654 69.6078643501431 70.1227234366581 70.6574456611026 71.0308261784765 71.2426317137543 71.3764215278622 70.8052409538344 70.2340603798066 69.3264217229039 68.2743384670705 67.3372206685395 66.6688179234007 66.0004151782618 65.5600457618771 65.145115217016 64.9765341235353 65.0546591381186 65.0466385906826 64.2601801294327 63.4737216681827 62.6313894217468 61.7650699824413 60.9871854143387 60.4160049819776 59.8448245496165 58.8972329987629 57.9076496695962 57.1687526742511 56.6809054302233 56.2409742586026 56.234029838047 56.2270854174915 56.1460474832275 56.0332003658664 -9999
56.2866099936829 56.3598588710441 56.4622894159052 56.5647199607663 56.6905786437452 56.819050874023 56.9440533706992 57.0655811304214 57.2455779975 57.9539113025 58.6622446075 59.0207581425 59.2290914675 59.3885253012453 59.433664201523 59.4788031018008 59.9159723335393 60.3968750986782 61.113718572744 62.0668434356607 63.1249700163794 65.1319144069349 67.1388587974905 68.157077164569 68.7508271804024 69.2779907404214 69.6495184901436 70.0210462398659 70.4769151683238 70.9421929538794 71.2981747365325 71.5447024912548 71.7218637171695 71.2722109111973 70.822558105225 69.8785426820691 68.7222927679024 67.707018596456 67.0212547415948 66.3354908867337 65.9089978031274 65.5114283679885 65.3255112814512 65.3515529668678 65.3433439944394 65.0256354956895 64.7079269969395 64.0671218382759 63.2876079475814 62.4820838555844 61.6157645579455 60.7494452603067 59.8659452412644 58.980528570431 58.3544725007806 57.9881530248084 57.6507215813794 57.5743327219349 57.4979438624905 57.1895571716955 56.7815711890566 56.4833482774426
56.4827842910443 56.5733942781276 56.693185932711 56.8129775872943 56.9093411412448 57.0030911520781 57.1280686320886 57.2843186112553 57.4955779875 58.2039112925 58.9122445975 59.2707581325 59.4790914575 59.6281211437448 59.6385378245781 59.6489545054114 60.0670202556224 60.530561911039 61.3688329531645 62.5823744619145 63.8680505991561 65.8055505508228 67.7430505024895 68.6675314087342 69.1571147662342 69.6217281912553 70.0279781604219 70.4342281295886 70.8311068999895 71.2269402466561 71.5655232945886 71.8467732687553 72.0673059064768 71.7391808685601 71.4110558306435 70.4306636412342 69.1702470687342 68.0768165243724 67.3736915597891 66.6705665952057 66.2579498443776 65.877741518961 65.6744884393671 65.6484467956171 65.6400493981962 65.7910908619463 65.9421323256963 65.5028542548049 64.8101459127216 63.9769822968302 62.8155241339135 61.6540659709968 60.8346574837659 60.0534074712659 59.5401923273102 59.2954006193935 59.0604689041561 58.9146356058228 58.7688023074895 58.2330668601635 57.5299420122468 56.9001659524366
56.6874699025 56.7760053195776 56.8766997759665 56.9773942323554 57.0843361587558 57.1919750273669 57.3655385679339 57.6051218437673 57.879302236499 58.4661078484434 59.0529134603879 59.3919300015335 59.6245688651447 59.8275558856567 59.9612363480178 60.0949168103789 60.64093197024 61.2329457476012 62.1198855568491 63.3021772480991 64.5467434268491 66.3540350930991 68.1613267593491 69.0503420923003 69.545133715217 70.0274403806337 70.4805653385503 70.933690296467 71.2837316781164 71.6222733551997 71.9131064722107 72.1561620499885 72.3483603698669 72.080999253478 71.8136381370891 71.0081868261023 69.971728366519 69.0481545908449 68.3884323630672 67.7287101352894 67.3688673675116 67.0424784597338 66.8704916734781 66.8531305470892 66.8387101519475 66.8508631129197 66.8630160738919 66.2727028484983 65.423744668915 64.5347306238136 63.5520915985359 62.5694525732581 61.872636113562 61.2077055287009 60.8316280465568 60.7448224146123 60.6585357316175 60.5769384567564 60.4953411818953 60.0019779993346 59.3318390573901 58.6622203601882
56.8958032275 56.9739344804104 57.0399067173549 57.1058789542993 57.2405736462562 57.3829347343118 57.6259176971021 57.9696676312687 58.3203370001076 58.7335315148298 59.146726029552 59.4578897051451 59.7252507882007 60.0097786919094 60.334431361215 60.6590840305205 61.3960713973261 62.1790573816316 63.0834835505968 64.1095252543468 65.1978414455968 66.8488831243468 68.4999248030968 69.3784482802177 69.9253232323011 70.4597132268844 70.9649215139677 71.470129801051 71.7785421343656 72.0650004822822 72.2950759860986 72.4686871249875 72.6018200368118 72.3691811398674 72.1365422429229 71.5965967015242 70.9247215461075 70.2772961041792 69.6870183152903 69.0967405264014 68.8063421975125 68.5493977286236 68.4295068298673 68.4468679229229 68.4239239937472 68.0367714311083 67.6496188684694 66.7571720739112 65.6477972484945 64.6908423613191 64.0901477499302 63.4894531385414 62.9403003989803 62.3968975821747 62.1683706701703 62.2551761354481 62.3373110842581 62.3772415774525 62.417172070647 62.0817761140592 61.5852482693369 61.0008059822696
57.041636665 57.1093637537433 57.1406137712433 57.1718637887433 57.3108831681149 57.4619248568649 57.7300696237297 58.1154863312297 58.4998651050541 58.8748649400541 59.2498647750541 59.5920690656487 59.9201939868987 60.2904557212568 60.7592056837568 61.2279556462568 62.0809266274865 62.9767599624865 63.8725932974865 64.7684266324865 65.7275723612432 67.2588223187432 68.7900722762432 69.6617666418784 70.2503082756284 70.8216831012432 71.3529330987432 71.8841830962432 72.1670952581284 72.4223035718784 72.6098524768716 72.7296441481216 72.8177797712568 72.6198630937568 72.4219464162568 72.0892035343919 71.6985785031419 71.2767411169055 70.7819493856555 70.2871576544055 70.0547605181284 69.8516355168784 69.7760223687568 69.8281056812568 69.8064982324864 69.1189982974864 68.4314983624864 67.3468079756488 66.0915996268988 65.1079382618648 64.7589799706148 64.4100216793648 63.9579798618716 63.4944382231216 63.3353634324592 63.4811968724593 63.6311818625408 63.8186817425407 64.0061816225408 63.8985217832167 63.6641465394667 63.2362554631216
57.041636665 57.0989595895761 57.0954873876316 57.0920151856872 57.1806935993641 57.2796519589474 57.4696904945616 57.7509405437282 58.0692094722803 58.7219870628358 59.3747646533914 59.8854280257893 60.3350807150949 60.8008598487573 61.3043320307017 61.8078042126462 62.6017849858188 63.4281738819299 64.254562778041 65.0809516741521 65.9741126576316 67.4706403956872 68.9671681337427 69.8405798128508 70.4464825563231 71.0196122954094 71.516140073465 72.0126678515205 72.307713982712 72.5802834061842 72.7678448528436 72.8702754143714 72.9462394432017 72.7830449851462 72.6198505270906 72.3582693725877 72.0544498899488 71.7402262806578 71.4016845369078 71.0631427931578 70.8620458743787 70.6762819828509 70.6267042201462 70.7135097520906 70.7162455419299 69.959301168041 69.2023567941521 68.1818334057894 67.048152825095 66.1339987406141 65.7329571201974 65.3319154997808 64.8590277789547 64.3781250304825 64.1062721891229 64.0437723124563 64.0269397092105 64.4227729058771 64.8186061025438 65.1014768694736 65.3358515882236 65.2310533427048
57.041636665 57.0885554254089 57.05036100402 57.0121665826311 57.0505040306134 57.09737906103 57.2093113653934 57.3863947562267 57.6385538395065 58.5691091856176 59.4996645317287 60.1787869859299 60.749967443291 61.3112639762578 61.8494583776467 62.3876527790355 63.1226433441511 63.8795878013734 64.6365322585956 65.3934767158178 66.22065295402 67.6824584726311 69.1442639912422 70.0193929838233 70.6426568370178 71.2175414895756 71.6793470481867 72.1411526067978 72.4483327072955 72.73826324049 72.9258372288156 73.0109066806211 73.0746991151467 72.9462268765356 72.8177546379244 72.6273352107833 72.4103212767556 72.20371144441 72.02141968816 71.83912793191 71.6693312306289 71.5009284488233 71.4773860715356 71.5989138229244 71.6259928513733 70.7996040385955 69.9732152258178 69.0168588359301 68.0047060232912 67.1600592193633 66.70693426978 66.2538093201967 65.7600756960378 65.2618118378433 64.8771809457865 64.6063477524532 64.4226975558801 65.0268640692135 65.6310305825468 66.3044319557303 67.0075566369803 67.2258512222878
57.1806934377125 57.2281511512417 57.1552345104084 57.0823178695751 57.0562574899835 57.0354242033168 57.1160802102125 57.2983718581291 57.573556720458 58.6881398946246 59.8027230687913 60.5456228175 61.1289561275 61.7232137756457 62.343005360229 62.9627969448123 63.6013311393461 64.2419561939294 64.9216155370751 65.6403655312417 66.4265795558168 67.8224128791501 69.2182462024834 70.0529106804084 70.6466606795751 71.19983456 71.658167875 72.11650119 72.424894695 72.71656135 72.9275571431374 73.0577654368874 73.1734430823206 73.1578180027373 73.142192923154 73.0245372493874 72.8630788881374 72.70005992 72.53339326 72.3667266 72.1578894218626 71.9443477981126 71.8609203264376 71.9077953818543 71.8903207306872 71.2913622494372 70.6924037681872 69.9987026115288 69.2643274461122 68.6267104393875 68.2152520881375 67.8037937368875 67.495418791929 67.1985436548456 66.9901460598373 66.8703542719207 66.8014192768128 67.1920444330627 67.5826695893127 67.6999990648007 67.6999996148007 67.425332255
57.3352010700738 57.3844136470746 57.2767747867968 57.169135926519 57.0771158349825 56.9868381094269 57.0414211809072 57.241073938546 57.5491886068493 58.8373828782382 60.1255771496271 60.9206228025 61.5039561125 62.1242241293969 62.8308212625914 63.5374183957858 64.0753332839277 64.5944305704554 65.1959336073523 65.8799613820746 66.6279934935936 67.954382378038 69.2807712624824 70.0702843234634 70.6293121031857 71.158167895 71.61650121 72.074834525 72.38322803 72.674894685 72.9119133302215 73.0942049531382 73.268885281628 73.3747879701002 73.4806906585724 73.4359767423049 73.3266017102215 73.2000599 73.03339324 72.86672658 72.6110332381118 72.3454082851951 72.1925489329641 72.1526184397697 72.0829348427743 71.7443930073576 71.405851171941 70.9968596497276 70.5576233495887 70.1423165256382 69.7829415035549 69.4235664814716 69.3234619948489 69.2522812841545 69.2522295808124 69.3234099998401 69.4004718447257 69.5306803551423 69.660888865559 69.116967658122 -9999 -9999
57.5227010150648 57.5875198183704 57.5319641622592 57.4764085061482 57.4364715737963 57.3982770024074 57.4919318582037 57.717626267926 58.045728126463 59.2992004784074 60.5526728303519 61.3190696397778 61.8763613226945 62.4757898162222 63.1737065320555 63.8716232478889 64.3383825870741 64.7793548173518 65.33309284 65.99975948 66.7287006075 68.0203672225 -9999 -9999 -9999 71.1373345325 71.5956678475 72.0540011625 72.3623946675 72.6540613225 72.9040914125 73.1124247375 73.31660645 73.48327311 73.64993977 73.641696785 73.558363455 73.4942776715373 73.4751802316762 73.4560827918151 73.2386277112779 72.9990443104446 72.8158437744907 72.6891077326851 72.5663502760373 72.4795445440929 72.3927388121485 72.1686778059075 71.8856916932686 71.5928216837594 71.2768494484816 70.9608772132038 70.997887880852 71.0742767152965 71.0266237975269 70.8547493054435 70.7 70.7 70.7 70.7 -9999 -9999
57.7431933677035 57.837469800039 57.9208030217057 58.0041362433724 58.1343256812988 58.2697422071321 58.4676137545931 58.7280303837598 59.063176779515 60.0735935953483 61.0840104111817 61.7409633968604 62.2461717506104 62.7779106937207 63.3716607512207 63.9654108087207 64.3904784412402 64.7967284520736 65.33309284 65.99975948 66.7287006075 -9999 -9999 -9999 -9999 -9999 -9999 -9999 -9999 -9999 -9999 73.1124247375 73.31660645 73.48327311 73.64993977 73.641696785 73.558363455 73.5827126419582 73.8587540673749 74.1347954927916 74.0406733437794 73.9052566012794 73.7308056910172 73.5172641006005 73.3405678679853 73.4968176721519 73.6530674763186 73.5141575802133 73.2485325772966 72.9782257262598 72.6969757104265 72.4157256945932 72.5186960075196 72.664529280853 72.3133273054337 71.4643695341837 70.7 -9999 -9999 -9999 -9999 -9999
57.9362541396579 58.0546169272558 58.2507975746169 58.446978221978 58.7306237493801 59.0240265011857 59.3182966759825 59.6134355245936 59.958567187307 60.7554421127237 61.5523170381404 62.114764141538 62.5765696501491 63.04981973 63.54981971 64.04981969 64.1 -9999 -9999 -9999 -9999 -9999 -9999 -9999 -9999 -9999 -9999 -9999 -9999 -9999 -9999 -9999 -9999 -9999 -9999 -9999 -9999 -9999 -9999 74.8 74.7625150675 74.7208484025 74.5542721625 74.2626055075 74.0403050197403 74.4448186504348 74.8493322811293 74.7959232275 74.5459232375 74.2870798367874 74.007566201093 73.7280525653985 73.8874245625 74.0957578875 74.2 -9999 -9999 -9999 -9999 -9999 -9999 -9999
57.8824284470193 57.9765356876707 58.0511885669763 58.1258414462818 58.4129091756304 58.7236730371581 59.0439786223718 59.3738396904274 59.7554234277245 60.6043816823078 61.4533399368911 62.0557238501496 62.5522515782052 63.04981973 63.54981971 64.04981969 64.1 -9999 -9999 -9999 -9999 -9999 -9999 -9999 -9999 -9999 -9999 -9999 -9999 -9999 -9999 -9999 -9999 -9999 -9999 -9999 -9999 -9999 -9999 74.8 74.7625150675 74.7208484025 74.5542721625 74.2626055075 74.0697121321057 74.769364628078 75.4690171240502 75.5042565325001 75.2542565425 74.9069783130332 74.3323258120609 73.7576733110887 73.8874245625 74.0957578875 74.2 -9999 -9999 -9999 -9999 -9999 -9999 -9999
57.8286027543806 57.8984544480856 57.8515795593356 57.8047046705856 58.0951946018806 58.4233195731306 58.7696605687613 59.1342438562613 59.5522796681419 60.4533212518919 61.3543628356419 61.9966835587613 62.5279335062613 -9999 -9999 -9999 -9999 -9999 -9999 -9999 -9999 -9999 -9999 -9999 -9999 -9999 -9999 -9999 -9999 -9999 -9999 -9999 -9999 -9999 -9999 -9999 -9999 -9999 -9999 -9999 74.7625150675 74.7208484025 74.5542721625 74.2626055075 74.0991192444711 75.0939106057211 76.0887019669711 76.2125898375 75.9625898475 75.5268767892788 74.6570854230288 73.7872940567789 73.8874245625 74.0957578875 -9999 -9999 -9999 -9999 -9999 -9999 -9999 -9999
57.658110551742 57.7219139620716 57.6142751101271 57.5066362581827 57.7847804393691 58.1059609983969 58.4661758876506 58.8654813945951 59.3042276198023 60.0993666400801 60.8945056603578 61.036161618983 -9999 -9999 -9999 -9999 -9999 -9999 -9999 -9999 -9999 -9999 -9999 -9999 -9999 -9999 -9999 -9999 -9999 -9999 -9999 -9999 -9999 -9999 -9999 -9999 -9999 -9999 -9999 -9999 -9999 -9999 -9999 -9999 -9999 -9999 -9999 76.425090475 76.175090485 76 -9999 -9999 -9999 -9999 -9999 -9999 -9999 -9999 -9999 -9999 -9999 -9999
57.4376181991033 57.5031764729044 57.3608154015155 57.2184543301266 57.4774950381189 57.7813144874244 58.15019116904 58.5842188954289 59.0369290784109 59.6584570014664 60.279984924522 60.5638392878759 -9999 -9999 -9999 -9999 -9999 -9999 -9999 -9999 -9999 -9999 -9999 -9999 -9999 -9999 -9999 -9999 -9999 -9999 -9999 -9999 -9999 -9999 -9999 -9999 -9999 -9999 -9999 -9999 -9999 -9999 -9999 -9999 -9999 -9999 -9999 -9999 -9999 -9999 -9999 -9999 -9999 -9999 -9999 -9999 -9999 -9999 -9999 -9999 -9999 -9999
57.1030693595705 57.1844093188392 57.0906590746726 56.9969088305059 57.2780086387883 57.6009251862883 57.9888990535353 58.4420240531186 58.899300705202 59.3940923697853 59.8888840343686 60.0702955131059 -9999 -9999 -9999 -9999 -9999 -9999 -9999 -9999 -9999 -9999 -9999 -9999 -9999 -9999 -9999 -9999 -9999 -9999 -9999 -9999 -9999 -9999 -9999 -9999 -9999 -9999 -9999 -9999 -9999 -9999 -9999 -9999 -9999 -9999 -9999 -9999 -9999 -9999 -9999 -9999 -9999 -9999 -9999 -9999 -9999 -9999 -9999 -9999 -9999 -9999
56.5023874398478 56.6322384930094 56.7815437849539 56.9308490768983 57.3300544512898 57.7571376571231 58.1885580778406 58.6243219677017 59.0642375100628 59.5416680649239 60.019098619785 60.1588559501884 -9999 -9999 -9999 -9999 -9999 -9999 -9999 -9999 -9999 -9999 -9999 -9999 -9999 -9999 -9999 -9999 -9999 -9999 -9999 -9999 -9999 -9999 -9999 -9999 -9999 -9999 -9999 -9999 -9999 -9999 -9999 -9999 -9999 -9999 -9999 -9999 -9999 -9999 -9999 -9999 -9999 -9999 -9999 -9999 -9999 -9999 -9999 -9999 -9999 -9999
