External_files/Climatic_data/REF/SUNSHINE/CRU_SUN_REF_4.asc
NCOLS 66 
NROWS 34 
XLLCORNER 2.0833 
YLLCORNER 42.16666678 
CELLSIZE 0.08333333 
NODATA_value -9999 
[rows 0 to 26 of 34, columns 0 to 61 of 66]
42.458689304861402 42.4182572943754 42.3401322964587 42.262007298542 42.1245310618756 41.9804338436812 41.8606246690973 41.7651385614585 41.7196452695826 42.1258952554159 42.5321452412492 42.7246164768058 42.825310916528 42.9218436987482 43.0086492556927 43.0954548126371 43.4399695489592 43.813233420487 44.0772012049307 44.2317150872918 44.3981649131942 44.672470458472 44.9467760037497 45.228369454445 45.5130916638894 45.8810469225015 46.4435468958348 47.0060468691682 47.5607374814582 48.1145569040971 48.6423534746519 49.1440895681241 49.6048284880551 49.6951062636106 49.7853840391662 49.2416143559695 48.425642174025 47.6497258293769 46.9674341847935 46.2851425402102 46.1979242000015 46.1770908633348 46.3228036308318 46.6353036224985 46.7665174077783 45.2595730222227 43.7526286366672 43.1663885568058 42.975416341528 42.8380252306251 42.8258724529862 42.8137196753474 42.7219114595831 42.6212170198609 42.4962346298614 -9999 -9999 -9999 -9999 -9999 -9999 -9999
42.5677045695841 42.5593937387493 42.5073104095826 42.4552270804159 42.3984581206269 42.3411664510435 42.2656587529159 42.1719087587493 42.1160425943716 42.4025009256216 42.6889592568716 42.8733868131261 43.0140118043761 43.0968937737522 43.0448104362523 42.9927270987523 43.3436072324955 43.7394405624955 44.0467960954204 44.2655460762538 44.4879287364587 44.743137058542 44.9983453806254 45.333720673961 45.7035123185443 46.1731836256246 46.8763085985413 47.579433571458 48.1560468250015 48.7185467983348 49.2342056329204 49.7029556037538 50.1224051785368 50.0963635264535 50.0703218743701 49.355573475422 48.3451568345886 47.4798775981231 46.9538359577065 46.4277943172898 46.4031136612432 46.4343636787432 46.5098524993716 46.6296441706216 46.6030922031329 45.2541339018829 43.9051756006329 43.3542420283303 43.1459087116637 42.9921969081231 42.9661552477065 42.9401135872898 42.8391020943761 42.7297270956261 42.6073406979159 42.4719240387493 42.3058895318761 41.8631812131261 -9999 -9999 -9999 -9999
42.7933865043068 42.7989895645821 42.712184015971 42.6253784673599 42.6432185118781 42.6727323909059 42.6233101365265 42.4948379229154 42.3921405531194 42.5223488968694 42.6525572406194 42.8264930410435 43.0192013614602 43.1697728812538 43.2218562020871 43.2739395229204 43.4478490324925 43.6353490458258 43.925205694034 44.3175667720896 44.6979919082645 44.9705613400701 45.2431307718756 45.6687462407683 46.1600656534072 46.7096482052077 47.3954120684021 48.0811759315966 48.7185217233358 49.3504661355581 49.9876151132007 50.6299761812563 51.1832505683946 50.9315144899224 50.6797784114502 50.0672911573699 49.2999300526477 48.5788672677052 47.9660200786774 47.3531728896496 47.0386433087387 46.7573933512387 46.5984506781193 46.5619923618694 46.4310853110549 45.4467103139715 44.4623353168882 43.9237367138839 43.5765145194394 43.2995199843719 43.1866727753441 43.0738255663163 43.0109582281269 42.9536665585435 42.8399921531932 42.6698532745821 42.4777456572935 42.0871206677102 41.6964956781269 -9999 -9999 -9999
43.0190684390295 43.0385853904149 42.9170576223594 42.7955298543038 42.8879789031294 43.0042983307683 42.9809615201371 42.8177670870816 42.6682385118671 42.6421968681171 42.6161552243671 42.779599268961 43.0243909185443 43.2426519887553 43.3989019679219 43.5551519470886 43.5520908324895 43.5312575291562 43.8036152926477 44.3695874679254 44.9080550800703 45.1979856215981 45.4879161631259 46.0037718075756 46.61661898827 47.2461127847908 47.914515538263 48.5829182917353 49.2809966216702 49.9823854727813 50.741024593481 51.5569967587588 52.2440959582525 51.7666654533914 51.2892349485303 50.7790088393179 50.2547032707068 49.6778569372873 48.9782041996484 48.2785514620095 47.6741729562342 47.0804230237342 46.6870488568671 46.4943405531171 46.2590784189768 45.6392867260601 45.0194950331435 44.4932313994374 44.0071203272152 43.6068430606206 43.4071903029817 43.2075375453428 43.1828143618776 43.177606021461 43.0726436084705 42.8677825104149 42.649601782711 42.3110601222943 41.9725184618777 41.7202168536146 -9999 -9999
43.3260228587478 43.3344087012523 43.2406586987523 43.1469086962523 43.2077843018716 43.2859093081216 43.2729541425045 43.1687874675045 43.0568364481149 42.8745448168649 42.6922531856149 42.8889329368829 43.2483079006329 43.5452579843739 43.6962996481239 43.8473413118739 43.8390718368762 43.8130301681261 44.0133875562387 44.4404709037387 44.8836418181464 45.4721834018964 46.0607249856464 46.8278202987658 47.6715702212658 48.4716228037523 49.1695394362523 49.8674560687523 50.3217205662298 50.7488039387297 51.3710586831239 52.1887669868739 52.8580551468626 52.1861802081126 51.5143052693626 50.9080214343694 50.3298964731194 49.7642564343874 49.2277980881374 48.6913397418874 48.1314533325045 47.5689533425045 47.18340859 46.975075265 46.7433892293852 46.3006808856352 45.8579725418852 45.3314534124955 44.7689534474955 44.2938479049955 44.0230145949955 43.7521812849955 43.6266020193671 43.5172270456171 43.3349882168716 43.0797799031216 42.81678739 42.48345407 42.15012075 -9999 -9999 -9999
43.642007569025 43.6364795204194 43.5774517373639 43.5184239543083 43.5359280481209 43.5619697252042 43.5576513352833 43.5229290991722 43.4579344018626 43.1193927831126 42.7808511643626 43.0156252370235 43.4965279688291 43.8733892306236 44.0070697846514 44.1407503386792 44.146357229793 44.1376766707653 44.2599779526251 44.5134502029029 44.8331755774567 45.751578245929 46.6699809144012 47.7062047573804 48.7930102159915 49.7736935495861 50.5063324015305 51.2389712534749 51.4155833787251 51.5301667762251 51.9873843740958 52.7877315681236 53.4223602336654 52.5595130879709 51.6966659422765 50.9722889161737 50.3073584063125 49.7381457323069 49.3926595930013 49.0471734536957 48.5689282025055 48.0758726513944 47.725075235 47.51674191 47.3006243456374 47.0141659893874 46.7277076331374 46.1995340652722 45.5675896613833 45.0230396799945 44.6827619311056 44.3424841822167 44.1006043389486 43.8697015971431 43.6006320697875 43.2933404268709 42.98345405 42.65012073 -9999 -9999 -9999 -9999
43.7496590543023 43.7302171145866 43.7059115509755 43.6816059873644 43.6869760468766 43.6956565975711 43.6956628517345 43.68698230104 43.6575434770513 43.4405294930235 43.2235155089958 43.4765719451226 43.9314330831782 44.2822527312467 44.3898916248579 44.497530518469 44.5786175118897 44.6567424681397 44.8224777784885 45.075949945433 45.4259475653038 46.648169666415 47.8703917675261 48.997871174005 50.0846767492827 51.0393498549804 51.6851832166471 52.3310165783138 52.4598698685629 52.5310503625906 52.9014937284494 53.5716326537272 54.090756662174 53.2452705262018 52.3997843902296 51.6259626763824 50.8829071686046 50.2719839187402 49.9699006245735 49.6678173304069 49.2485935856299 48.8163019227132 48.5306055136242 48.3917165941797 48.2363942963015 47.9325749136626 47.6287555310237 47.0528546397868 46.3601463477034 45.7600345243734 45.3763539886789 44.9926734529845 44.6136785679003 44.2352064059559 43.8836244490989 43.5589716797933 43.2360487314632 42.9287570635466 -9999 -9999 -9999 -9999
43.6489771145796 43.6156212837538 43.6260379395871 43.6364545954204 43.6609281281269 43.6869697885435 43.6869885510398 43.6609468906231 43.6556634802515 43.8379550198349 44.0202465594182 44.2717733820646 44.5530234228979 44.7718485637463 44.8447652379129 44.9176819120796 45.1358528031419 45.3702277468919 45.7008873371022 46.1279706012688 46.6619583991968 48.1619582558635 49.6619581125302 50.7028199453904 51.5465699845571 52.2685916849775 52.7060917299775 53.1435917749775 53.4545799881495 53.7514549085662 54.1133870320571 54.5404704212237 54.8632445323162 54.2434528227329 53.6236611131495 52.8690432808259 52.0565433341592 51.3657715312388 50.9595215787387 50.5532716262387 50.1704497143807 49.7902413806307 49.5999996791818 49.5999996375151 49.550699444771 49.0559078551877 48.5611162656043 47.8914151218694 47.1466235006194 46.5048324456232 46.1037908002065 45.7027491547898 45.1658247437312 44.6137414845645 44.1839653714602 43.8766737118769 43.5745715168807 43.3193631781307 -9999 -9999 -9999 -9999
43.5850981051431 43.5411313585395 43.5810619184007 43.6209924782618 43.6593611687458 43.697555623468 43.6984505689647 43.6619922193814 43.6829650650673 44.2228956049284 44.7628261447895 45.0124548575 45.1374548525 45.2359242756186 45.2723826252019 45.3088409747853 45.64986471 46.024864695 46.5152327346805 47.121135411486 47.8405160527019 49.5853076672853 51.3300992818686 52.2829383658879 52.8957856049156 53.4014702743814 53.6566785797981 53.9118868852147 54.3810718316581 54.8741273911026 55.2275269514647 55.4410685918814 55.5928549945961 55.1866049754295 54.7803549562628 54.0388615004039 53.1534449045705 52.3824735620791 51.8790013718013 51.3755291815235 51.0282441887543 50.6983830790321 50.5931857335353 50.7129774131186 50.7585593608846 50.1335592442179 49.5085591275513 48.7718113413975 47.987089126953 47.3038069043387 46.8576264669776 46.4114460296165 45.7325466595876 45.0276855648654 44.5310068951432 44.2428124504209 43.9624022059006 43.7523327757618 43.5422633456229 43.3504136823397 43.1663859709508 -9999
43.8524467048659 43.827595931456 43.8501653815949 43.8727348317338 43.8781236662453 43.881595901523 43.8911401310488 43.9067651106321 43.9729018649282 44.4954712950671 45.018040725206 45.2624548475 45.3874548425 45.4703180443679 45.4546930647845 45.4390680852012 45.774864705 46.14986469 46.7529985303782 47.5845956335726 48.5019931522845 50.1947014377012 51.8874097231179 52.7395794340806 53.2308989050528 53.6670764606321 53.9743680952155 54.2816597297988 54.6935968983238 55.1172080188794 55.4618831285488 55.7275080981322 55.936567345431 55.6344839845976 55.3324006237643 54.549315794569 53.5597325404024 52.7054027679119 52.1672083581897 51.6290139484675 51.3094816212548 51.014342730977 50.9004962264512 50.9682045768678 51.0084086092239 50.8000751258906 50.5917416425573 50.0287306036207 49.3134528280651 48.5903720205844 47.8490527179455 47.1077334153066 46.4304507254215 45.7603118501437 45.2983553998659 45.0448831745881 44.7940056840948 44.5665751442337 44.3391446043726 44.020615457615 43.6629766490039 43.374524982682
44.1197953045886 44.1140605043724 44.1192688447891 44.1244771852057 44.0968861637447 44.0656361795781 44.0838296931329 44.1515380018829 44.262838664789 44.7680469852057 45.2732553056224 45.5124548375 45.6374548325 45.7047118131171 45.6370035043671 45.5692951956171 45.8998647 46.274864685 46.9907643260759 48.0480558556592 49.1634702518671 50.8040952081171 52.4447201643671 53.1962205022733 53.5660122051899 53.9326826468829 54.2920576106329 54.6514325743829 55.0061219649895 55.3602886466561 55.6962393056329 56.0139476043829 56.2802796962658 56.0823629937658 55.8844462912658 55.0597700887342 53.9660201762342 53.0283319737447 52.4554153445781 51.8824987154114 51.5907190537553 51.3303023829219 51.2078067193671 51.2234317406171 51.2582578575633 51.4665910075633 51.6749241575634 51.2856498658439 50.6398165291773 49.8769371368302 48.8404789689135 47.8040208009968 47.1283547912553 46.492938135422 46.0657039045886 45.8469538987553 45.6256091622891 45.3808175127057 45.1360258631224 44.6908172328903 44.1595673270569 43.6923025230959
44.374999885 44.3640755193664 44.3276172114497 44.291158903533 44.2828142968836 44.2776059398003 44.3530685704339 44.5093185162673 44.687710621499 45.0661829084435 45.4446551953879 45.6457882375 45.7707882325 45.8770607325346 45.9395606342012 46.0020605358679 46.4440958056509 46.928470714401 47.6904230536604 48.7303536235215 49.8164711073323 51.3199433492768 52.8234155912212 53.5422231147338 53.924167511956 54.3076725360446 54.6948252903501 55.0819780446557 55.3988465345776 55.7078743159665 56.0047581072107 56.2894803499885 56.5328594460503 56.402651093967 56.2724427418837 55.6077881629021 54.7136908247077 53.9236346706337 53.3767596685504 52.829884666467 52.5828891243837 52.3693474423004 52.274643345978 52.2989488845892 52.3286169151477 52.406742079731 52.4848672443143 51.9520236817651 51.1568849364873 50.3320944331799 49.4379970949855 48.5438997567911 47.9465580764728 47.3823219480006 47.0566281615567 46.9698225296123 46.8776544506511 46.7370293844011 46.5964043181511 46.1885565721673 45.6659871086951 45.1439378899653
44.624999875 44.5984692631156 44.5099276260323 44.4213859889489 44.4546705306344 44.5015455027177 44.6551143646021 44.9155309687688 45.1704120501076 45.3752732398298 45.580134429552 45.7291215675 45.8541215625 46.0228189475376 46.2936521658709 46.5644853842042 47.1679977569031 47.8086226531531 48.5880363021308 49.5064391039364 50.4658392792742 51.7957004239964 53.1255615687187 53.8408091486236 54.2921979847347 54.7295412514615 55.1340551154892 55.538568979517 55.8259423904104 56.1002479523548 56.3450609560985 56.5603387599875 56.7463822864677 56.6682572635511 56.5901322406344 56.1719050330457 55.6076687795735 55.0642407968844 54.5694491239677 54.074657451051 53.8797452381344 53.7182868852177 53.6669918423673 53.7260196004229 53.7506237572257 53.4641656176424 53.177707478059 52.3653060714838 51.3271117900949 50.4309333594347 49.8666971059625 49.3024608524903 48.8163182760574 48.3388876961963 48.1433707951703 48.2301762604481 48.3098894569033 48.3255143781533 48.3411392994032 48.0409555970296 47.6051916821684 47.0815133249622
44.8036477018716 44.7594237637432 44.6240071212433 44.4885904787432 44.5265419518581 44.5838336631081 44.7634330237297 45.0655164012297 45.3551447988108 45.5322279563108 45.7093111138108 45.879106425027 46.045773010027 46.2889101018784 46.7107850756284 47.1326600493784 47.8356723506148 48.5700473493648 49.3382521037297 50.1403354612297 50.98289723 52.191230515 53.3995638 54.1123194175 54.6123193975 55.0857888456216 55.4972471718716 55.9087054981216 56.1795952356284 56.4348035493784 56.6431707368716 56.8046290731216 56.9463672481284 56.9099089068784 56.8734505656284 56.6438628050136 56.3313627800135 55.9892110144055 55.5777526131555 55.1662942119055 55.0125447975 54.8875448025 54.8744429543852 54.9734012556352 55.005934084358 54.438225820608 53.870517556858 52.872823311892 51.690531645642 50.7594989637432 50.4157489962432 50.0719990287432 49.6579648418716 49.2360898681216 49.0978634999592 49.2436969399592 49.3942008756691 49.5869090794191 49.7796172831692 49.6808097069735 49.4568511107235 49.0378160725
44.8158067295103 44.7490195995761 44.5788807376316 44.4087418756872 44.3651148906069 44.3356010532457 44.4197205645616 44.6176372837282 44.8446155463153 45.3341986788153 45.8237818113153 46.1846119044735 46.4901673672513 46.8357788206286 47.2750149041009 47.7142509875731 48.3721494468641 49.0544411164474 49.7445396645615 50.4424563637282 51.191230555 52.39956384 53.607897125 54.3206527425 54.8206527225 55.2889201052047 55.6830173217325 56.0771145382602 56.361880625212 56.6344500486842 56.8428297778436 56.9869270043714 57.1147637466009 57.0956665150731 57.0765692835453 56.9007821405701 56.657726554459 56.4110295131578 56.1558210994078 55.9006126856578 55.7625447675 55.6375447725 55.6504657514693 55.801507381886 55.8722848986624 55.2177710863013 54.5632572739401 53.600222423421 52.5047363057822 51.6240948312428 51.2456226442983 50.8671504573539 50.4340127639547 49.9947766804825 49.7437722616229 49.6812723849562 49.6666885491447 50.0850911792835 50.5034938094225 50.8247244351753 51.1042380208698 51.0378159925001
44.8279657571489 44.7386154354089 44.53375435402 44.3288932726311 44.2036878293556 44.0873684433834 44.0760081053934 44.1697581662267 44.3340862938198 45.1361694013198 45.9382525088198 46.4901173839199 46.9345617244755 47.3826475393789 47.8392447325733 48.2958419257678 48.9086265431133 49.53883488353 50.1508272253934 50.7445772662267 51.39956388 52.607897165 53.81623045 54.5289860675 55.0289860475 55.4920513647878 55.8687874715933 56.2455235783989 56.5441660147955 56.83409654799 57.0424888188156 57.1692249356211 57.2831602450733 57.2814241232678 57.2796880014622 57.1577014761267 56.9840903289045 56.83284801191 56.73388958566 56.63493115941 56.5125447375 56.3875447425 56.4264885485533 56.6296135081367 56.7386357129666 55.9973163519944 55.2559969910222 54.32762153495 53.3189409659223 52.4886906987422 52.0754962923533 51.6623018859644 51.2100606860378 50.7534634928433 50.3896810232866 50.1188478299532 49.9391762226201 50.5832732791479 51.2273703356757 51.968639163377 52.7516249310159 53.0378159125
45.0057384127125 44.9110292631126 44.6558209743626 44.4006126856126 44.2203743818626 44.0484994231126 44.0119435377125 44.1109018556291 44.298601735458 45.2881849146246 46.2777680937913 46.9065997072958 47.3805580102125 47.8732437656457 48.409702020229 48.9461602748123 49.4498193124669 49.9498193841336 50.4836491572875 51.0513574793709 51.675112844771 52.8053211901876 53.9355295356043 54.6138876227042 55.0982626147875 55.54986459 55.924864575 56.29986456 56.5858377931209 56.8618794602042 57.0780685479249 57.2343185187583 57.3858979198206 57.4952728352373 57.604647750654 57.5536888568874 57.4338971606374 57.3203479468709 57.2213896289542 57.1224313110375 56.9719312212417 56.8156812504084 56.7947500087251 56.9093334062251 56.9611239431872 56.4454987919372 55.9298736406872 55.2612026390289 54.5268274736122 53.8970135437583 53.5115968695916 53.126180195425 52.8719605913081 52.6323771071415 52.4526460873373 52.3328542994207 52.2680708768128 52.7003626980627 53.1326545193127 53.3317340570965 53.4306929250132 53.2378171525
45.2019127100738 45.1037563418619 44.7964647239452 44.4891731060285 44.2568514731119 44.0328931851952 43.9789511734072 44.095270601046 44.3159002868493 45.4790945632382 46.6422888396271 47.3354128766016 47.8267322892405 48.3575874493969 48.9808512525914 49.6041150557858 49.9915360491316 50.3526472430205 50.8083081849262 51.3586553972873 51.958130265742 53.0015330625475 54.0449358593531 54.6850744417317 55.1520883240928 55.591531255 55.96653124 56.341531225 56.6118857285373 56.8705662858984 57.095417115981 57.2863893062588 57.4813401191279 57.7122428026002 57.9431454860724 57.9651283498048 57.8974199827215 57.8151458697873 57.6988264421484 57.5825070145095 57.3990270937412 57.2080549034634 57.117704339557 57.1281210787236 57.1120713902743 56.8568628848576 56.601654379441 56.2176930122276 55.7784567120887 55.3657509162588 55.0150564615366 54.6643620068144 54.632289177145 54.6357612290894 54.6730629433124 54.7442433623401 54.8254567797257 54.9973319551423 55.169207130559 54.7191824713903 -9999 -9999
45.4397536124352 45.3745645477592 45.1367171937315 44.8988698397037 44.7359924706759 44.5814784466482 44.5796321723056 44.730673794389 44.9765115074908 46.0789422373519 47.181372967213 47.8380263038704 48.3033041144259 48.808117702463 49.4053400035741 50.0025623046852 50.3014666418611 50.5670916697778 50.9706379325 51.5123045775 52.09963918 53.09963914 -9999 -9999 -9999 55.6123646175 55.9873646025 56.3623645875 56.624909715 56.874909705 57.1040914125 57.3124247375 57.5290612875 57.8207279425 58.1123945975 58.1708483925 58.1291817275 58.104161584241 58.1180502670188 58.1319389497966 57.9849549243983 57.8200243112038 57.6949954319907 57.6099260551851 57.5329868560373 57.5295144540929 57.5260420521485 57.3270112009075 57.0440250882686 56.7485540581297 56.4239012804908 56.0992485028519 56.202548453139 56.3535900752224 56.3606390972678 56.2234867746288 56.1041515725 56.1458182375 56.1874849025 56.2 -9999 -9999
45.7192612397965 45.7234541056786 45.6765789585953 45.629703811512 45.6577986494287 45.6942568323453 45.8139883593896 46.0171133106397 46.2804372501254 47.0877291147087 47.895020979292 48.4144402016471 48.8102735733138 49.2248344274609 49.6831678507943 50.1415012741276 50.3796104231103 50.5931521218603 50.9706379325 51.5123045775 52.09963918 -9999 -9999 -9999 -9999 -9999 -9999 -9999 -9999 -9999 -9999 57.3124247375 57.5290612875 57.8207279425 58.1123945975 58.1708483925 58.1291817275 58.1873944975783 58.4790609359117 58.770727374245 58.7297151706495 58.6515901060662 58.5266240185172 58.3547490931005 58.2238711179853 58.4634542521519 58.7030373863186 58.5891576452133 58.3235326422966 58.0454227218799 57.7381310539633 57.4308393860466 57.5827378718897 57.7858628231397 57.51537301462 56.7705818517033 56.1041515725 -9999 -9999 -9999 -9999 -9999
45.9612691746579 46.0249600957923 46.1360713163479 46.2471825369034 46.4504442231404 46.663985838557 46.8974783534825 47.1509505370936 47.4338302564094 47.9824412886316 48.5310523208538 48.930261189519 49.2653306063246 49.59987982 49.93321314 50.26654646 50.3 -9999 -9999 -9999 -9999 -9999 -9999 -9999 -9999 -9999 -9999 -9999 -9999 -9999 -9999 -9999 -9999 -9999 -9999 -9999 -9999 -9999 -9999 59.4 59.4 59.4 59.275090425 59.025090435 58.848435223138 59.3345460870269 59.8206569509158 59.791756595 59.541756605 59.2709484874176 58.9515042835287 58.6320600796398 58.824909475 59.074909465 59.2 -9999 -9999 -9999 -9999 -9999 -9999 -9999
45.8657768170193 45.9000101091237 45.8722324519014 45.8444547946792 46.0806338118911 46.3462587564744 46.6231602998718 46.9113547029274 47.2324163519659 47.8504718230771 48.4685272941882 48.9007410438248 49.2531715703526 49.59987982 49.93321314 50.26654646 50.3 -9999 -9999 -9999 -9999 -9999 -9999 -9999 -9999 -9999 -9999 -9999 -9999 -9999 -9999 -9999 -9999 -9999 -9999 -9999 -9999 -9999 -9999 59.4 59.4 59.4 59.275090425 59.025090435 58.8761125053642 59.6400011248087 60.4038897442531 60.458423235 60.208423245 59.8543823474136 59.2571603879691 58.6599384285246 58.824909475 59.074909465 59.2 -9999 -9999 -9999 -9999 -9999 -9999 -9999
45.7702844593806 45.775060122455 45.608393587455 45.441727052455 45.7108234006419 46.0285316743919 46.3488422462613 46.6717588687613 47.0310024475225 47.7185023575225 48.4060022675225 48.8712208981306 49.2410125343806 -9999 -9999 -9999 -9999 -9999 -9999 -9999 -9999 -9999 -9999 -9999 -9999 -9999 -9999 -9999 -9999 -9999 -9999 -9999 -9999 -9999 -9999 -9999 -9999 -9999 -9999 -9999 59.4 59.4 59.275090425 59.025090435 58.9037897875904 59.9454561625904 60.9871225375905 61.125089875 60.875089885 60.4378162074095 59.5628164924095 58.6878167774095 58.824909475 59.074909465 -9999 -9999 -9999 -9999 -9999 -9999 -9999 -9999
45.541102975226 45.5552923420716 45.3226534951271 45.0900146481827 45.3556138118691 45.6767943708969 46.022262940226 46.3920545431426 46.7858911513418 47.397002368564 48.0081135857863 48.1066414166101 -9999 -9999 -9999 -9999 -9999 -9999 -9999 -9999 -9999 -9999 -9999 -9999 -9999 -9999 -9999 -9999 -9999 -9999 -9999 -9999 -9999 -9999 -9999 -9999 -9999 -9999 -9999 -9999 -9999 -9999 -9999 -9999 -9999 -9999 -9999 61.325090475 61.075090485 60.9 -9999 -9999 -9999 -9999 -9999 -9999 -9999 -9999 -9999 -9999 -9999 -9999
45.25462590231 45.2948881879044 45.0275271215155 44.7601660551266 45.0066617456188 45.3104811949244 45.67328585731 46.0951607893934 46.5220523202287 46.9942746596731 47.4664969991176 47.6933593768914 -9999 -9999 -9999 -9999 -9999 -9999 -9999 -9999 -9999 -9999 -9999 -9999 -9999 -9999 -9999 -9999 -9999 -9999 -9999 -9999 -9999 -9999 -9999 -9999 -9999 -9999 -9999 -9999 -9999 -9999 -9999 -9999 -9999 -9999 -9999 -9999 -9999 -9999 -9999 -9999 -9999 -9999 -9999 -9999 -9999 -9999 -9999 -9999 -9999 -9999
44.7738880320705 44.8578790020088 44.6755869707589 44.4932949395089 44.7795655056824 45.1181069994324 45.5112966870706 45.9592133712373 46.4003836147981 46.7805919152147 47.1608002156314 47.3405910262117 -9999 -9999 -9999 -9999 -9999 -9999 -9999 -9999 -9999 -9999 -9999 -9999 -9999 -9999 -9999 -9999 -9999 -9999 -9999 -9999 -9999 -9999 -9999 -9999 -9999 -9999 -9999 -9999 -9999 -9999 -9999 -9999 -9999 -9999 -9999 -9999 -9999 -9999 -9999 -9999 -9999 -9999 -9999 -9999 -9999 -9999 -9999 -9999 -9999 -9999
43.8398727923478 44.0087894307641 44.1910807036808 44.3733719765975 44.8368008919347 45.3315923731847 45.7856147406812 46.1988092054034 46.6104467949372 47.0080162050761 47.405585615215 47.5177119003769 -9999 -9999 -9999 -9999 -9999 -9999 -9999 -9999 -9999 -9999 -9999 -9999 -9999 -9999 -9999 -9999 -9999 -9999 -9999 -9999 -9999 -9999 -9999 -9999 -9999 -9999 -9999 -9999 -9999 -9999 -9999 -9999 -9999 -9999 -9999 -9999 -9999 -9999 -9999 -9999 -9999 -9999 -9999 -9999 -9999 -9999 -9999 -9999 -9999 -9999
