External_files/Climatic_data/REF/SUNSHINE/CRU_SUN_REF_11.asc
NCOLS 66 
NROWS 34 
XLLCORNER 2.0833 
YLLCORNER 42.16666678 
CELLSIZE 0.08333333 
NODATA_value -9999 
[rows 0 to 26 of 34, columns 0 to 61 of 66]
35.028943672569298 35.1874249825 35.3957583075 35.6040916325 35.8342912037497 36.0669300840275 36.2874249425 36.4957582675 36.6980370990978 36.8456065359034 36.993175972709 37.124954935 37.24995493 37.3655911912508 37.4593411854174 37.5530911795841 37.5734331047915 37.5855858824304 37.6272312549307 37.6984118072918 37.7695923596529 37.840772912014 37.9119534643751 37.9041816925 37.8625150275 37.7943178281246 37.6641095010413 37.533901173958 37.3646460191672 37.1910349136116 37.0113518088201 36.8255879256256 36.6476083159725 36.5399694306947 36.4323305454169 36.6149930831261 36.9222847343761 37.2592281137493 37.6654780995826 38.0717280854159 38.1359280631239 38.1619697318739 38.0518252634735 37.8052974920846 37.7346934534022 39.2537906165966 40.772887779791 41.7259582861797 42.4360277046519 42.9442576231246 42.9807159560413 43.017174288958 42.7990475945816 42.552519831526 42.4933562468068 -9999 -9999 -9999 -9999 -9999 -9999 -9999
35.271307277292 35.4264855993754 35.6400272564587 35.853568913542 36.0577393243746 36.2608643172913 36.469193889792 36.6827355468754 36.8988719862523 37.1384553037523 37.3780386212523 37.5338109572913 37.653602620208 37.7858792606246 37.9473375885413 38.108795916458 38.1437424575015 38.1645757858349 38.2114319954159 38.2843486612493 38.3593411429174 38.4530911370841 38.5468411312508 38.5458483375 38.5041816725 38.4281813737508 38.2719313779174 38.1156813820841 37.9922307206254 37.8724390577087 37.7526473947921 37.6328557318754 37.5177346329174 37.4448179670841 37.3719013012508 37.6123644233303 37.9873644166637 38.3467582362493 38.6696748920826 38.9925915479159 38.9922006506284 38.9557423093784 38.8906588587523 38.7969088562523 38.8448319510323 40.1729569239489 41.5010818968656 42.3263419693739 42.9357169481239 43.3765455368784 43.4234205256284 43.4702955143784 43.1048364731254 42.6933781552087 42.6202162768761 42.8858412631261 43.1224052418761 43.0963635731261 -9999 -9999 -9999 -9999
35.4674815746534 35.640021006459 35.8709237732645 36.1018265400701 36.2921205681244 36.4778844513188 36.6862015154867 36.9171042822923 37.1592511070871 37.5030010829204 37.8467510587537 38.0216644179855 38.1240949711799 38.2390105018744 38.3831077200688 38.5272049382633 38.6228840591692 38.7131618263914 38.7774167206932 38.8156111670821 38.862800816529 38.9912730301401 39.1197452437512 39.1291816475 39.0875149825 39.0219188145846 38.9003910381957 38.7788632618068 38.6745160902089 38.5720855370145 38.4696549838201 38.3672244306256 38.2711942798624 38.2329998334735 38.1948053870846 38.3485257022172 38.5846368177727 38.8363541020821 39.124548538471 39.4127429748598 39.5494357918806 39.6692274381306 39.7343711479204 39.7447878037538 39.8432528225537 40.7373500524148 41.631447282276 42.2899024864564 42.8471941360398 43.2983639806306 43.5014889568806 43.7046139331306 43.3704551760423 42.9763579678478 42.9379057339602 43.2556140493769 43.5442613572935 43.5703030177102 43.5963446781269 -9999 -9999 -9999
35.6636558720148 35.8535564135425 36.1018202900703 36.3500841665981 36.5265018118741 36.6949045853464 36.9032091411814 37.1514730177092 37.4196302279219 37.8675468620886 38.3154634962553 38.5095178786797 38.5945873221519 38.6921417431241 38.8188778515964 38.9456139600686 39.1020256608369 39.261747866948 39.3434014459705 39.3468736729149 39.3662604901407 39.5294549231962 39.6926493562518 39.7125149575 39.6708482925 39.6156562554184 39.528850698474 39.4420451415296 39.3568014597926 39.2717320163203 39.1866625728481 39.1015931293759 39.0246539268073 39.0211816998629 39.0177094729184 39.0846869811041 39.1819092188819 39.3259499679149 39.5794221848594 39.8328944018038 40.1066709331329 40.3827125668829 40.5780834370886 40.6926667512553 40.8416736940753 41.3017431808808 41.7618126676863 42.253463003539 42.7586713239557 43.2201824243829 43.5795573881329 43.9389323518829 43.6360738789592 43.259337780487 43.2555951910443 43.6253868356277 43.966117472711 44.0442424622943 44.1223674518777 43.6794081775 -9999 -9999
35.8223301768761 36.024909955 36.274909945 36.524909935 36.7280536787523 36.9259703312523 37.14990989 37.39990988 37.6768956100045 38.1977289100045 38.7185622100045 38.9223713543739 38.9900796881239 39.0796367306261 39.2202617218761 39.3608867131261 39.5389966768761 39.7212883331261 39.8359205031284 39.8827954918784 39.9384927012478 40.0739093687478 40.2093260362478 40.2427119987523 40.2322953262523 40.2093936962523 40.1573103587523 40.1052270212523 40.0672005381284 40.0307421968784 39.9786701468762 39.9109618131262 39.8515567043762 39.8671817006262 39.8828066968762 39.9567349081262 40.0556932343762 40.1811820574955 40.3686820624955 40.5561820674955 40.7952238518716 41.0400155181216 41.2171478281239 41.3265228268739 41.4571747387432 41.7800914112432 42.1030080837432 42.4951597743693 42.9170347731194 43.3014550193693 43.5983300231193 43.8952050268693 43.7703747143897 43.5984996806397 43.7076709393762 44.0982959206262 44.4551893762478 44.5072727137478 44.5593560512478 -9999 -9999 -9999
35.9768378092375 36.191576615 36.441576605 36.691576595 36.9259578312527 37.1585967031972 37.39990988 37.64990987 37.933815020561 38.5240927594499 39.1143704983388 39.3268914850681 39.3772387090958 39.4598387893764 39.6178248903486 39.7758109913208 39.971282064793 40.1709348307652 40.3202766952124 40.4192350131291 40.5183663176361 40.6190607656917 40.7197552137472 40.7670050006972 40.7913105476416 40.8031311370861 40.7857700190305 40.768408900975 40.7807233668791 40.7963483547958 40.7790110659041 40.7286638418764 40.6866198428486 40.7196059488208 40.752592054793 40.8438813757652 40.9602008117375 41.0770404591611 41.1950960252722 41.3131515913833 41.4983676581208 41.6910759952042 41.8334735274291 41.9254874164569 42.0301290679084 42.248879082075 42.4676290962417 42.7677606228403 43.1028300729792 43.4004447706181 43.610514225757 43.8205836808959 43.8900846523096 43.9439040449485 44.1746785217375 44.5826646127097 44.9517297126361 44.9690908306917 -9999 -9999 -9999 -9999
36.3544324781977 36.5926119020866 36.8599729934755 37.1273340848644 37.3790764375 37.6290764275 37.887750714031 38.1551118054199 38.4546482063824 39.0449259786046 39.6352037508268 39.8720177686887 39.9570871871609 40.0718084312533 40.2558361926421 40.439863954031 40.63794859229 40.8376013665956 41.0086289681977 41.1509900645866 41.2943890664019 41.4471668019575 41.599944537513 41.6992776352843 41.7756665030621 41.8369693818799 41.8630110339632 41.8890526860466 41.9291512075 41.9708178725 41.9708479725 41.9291813075 41.8949529486789 41.9279390629845 41.96092517729 42.0400680097868 42.1390263527034 42.2307018127067 42.3053545920123 42.3800073713178 42.5218206587467 42.6711262173579 42.7831323867345 42.85778516604 42.9424709596544 43.1178181703489 43.2931653810433 43.5195278888113 43.767791790339 43.9890050318734 44.1469911411789 44.3049772504845 44.46296335979 44.6209494690956 44.877822243808 45.2337250389469 45.5533015720123 45.5446210213178 -9999 -9999 -9999 -9999
36.9551143979204 37.2280160412538 37.5300993520871 37.8321826629205 38.0874097425 38.3374097325 38.6134326204205 38.9155159312538 39.2393954208259 39.7602287541592 40.2810620874925 40.5577503402178 40.7296253073011 40.9155458787538 41.1342958595871 41.3530458404205 41.5389964843732 41.7212881489565 41.9009775179205 42.0780608337538 42.2665611358484 42.5582277491818 42.8498943625151 43.0395302941743 43.1853636008409 43.3109088531307 43.3890338343807 43.4671588156307 43.5124844775001 43.5541511425001 43.5541812425001 43.5125145775001 43.4765563802065 43.4921813847899 43.5078063893732 43.5452951068694 43.5921701206194 43.6421663656232 43.6994580352065 43.7567497047899 43.8655831612463 43.980166500413 44.0661247260398 44.1234163956232 44.1942007397936 44.3869090602103 44.5796173806269 44.7504620322823 44.911920385199 45.0671362731232 45.2077612727065 45.3483862722898 45.4890112718732 45.6296362714565 45.8171023322785 46.0514773593618 46.2599050552065 46.2338633947898 -9999 -9999 -9999 -9999
37.5153456913216 37.8207132425 38.1540465625 38.4873798825 38.7504288256314 39.005637131048 39.2990123728451 39.6306095877062 39.9751807148654 40.4369862401431 40.8987917654209 41.2124097575 41.4624097475 41.7129299431271 41.964666038266 42.2164021334049 42.3931682835438 42.5615710486827 42.7507921163216 42.9608615464605 43.1922080913974 43.615819161953 44.0394302325085 44.313639224516 44.5237086546549 44.7088081697938 44.8355442699327 44.9622803700716 45.0124846975 45.0541513625 45.0533140370118 45.0099112668729 44.970660109234 44.9689240040951 44.9671878989562 44.9678810861827 44.9696171913216 44.9827978260395 45.0227283859006 45.0626589457618 45.1400744381229 45.221671662984 45.2841854746549 45.3275882447938 45.3872514200673 45.5938486399284 45.8004458597895 45.9208029625 46.0041362925 46.0983939306186 46.2181856102019 46.3379772897853 46.4577689693686 46.5775606489519 46.6982197523568 46.8197475370791 46.9253609581987 46.8871665034765 46.8489720487543 46.808348305 46.76668164 -9999
37.7115199886829 38.0290465675 38.3623798875 38.6957132075 39.0056183893821 39.3129100239655 39.6236713921504 39.9379074972893 40.2703070801436 40.7668348248659 41.2633625695881 41.5874097425 41.8374097325 42.0931320018774 42.3622292067385 42.6313264115996 42.8254536714607 43.0112175463218 43.2177997236829 43.4452302635441 43.6991274586206 44.1921829680651 44.6852384775095 44.9924523754885 45.2198829153496 45.4223435402107 45.5664407500718 45.7105379599329 45.7624846675 45.8041513325 45.7946397229837 45.7338758431226 45.6772635757615 45.6581663609004 45.6390691460393 45.6466942288218 45.6657914436829 45.685929073956 45.7084985240949 45.7310679742337 45.7911223568726 45.8553584720115 45.9178597253496 45.9786236052107 46.0521882299282 46.2414243400671 46.430660450206 46.5458029375 46.6291362675 46.7077877593678 46.7754961097845 46.8432044602012 46.9109128106178 46.9786211610345 47.0558712026341 47.1426767679119 47.2204872568103 47.2170150215326 47.2135427862548 47.18334829 47.141681625 47.0932523052107
37.9076942860443 38.2373798925 38.5707132125 38.9040465325 39.2608079531329 39.6201829168829 39.9483304114557 40.2452054068724 40.5654334454219 41.0966834095886 41.6279333737553 41.9624097275 42.2124097175 42.4733340606276 42.759792375211 43.0462506897943 43.2577390593776 43.460864043961 43.6848073310443 43.9295989806276 44.2060468258439 44.7685467741772 45.3310467225105 45.671265526461 45.9160571760443 46.1358789106276 46.297337230211 46.4587955497943 46.5124846375 46.5541513025 46.5359654089557 46.4578404193724 46.3838670422891 46.3474087177057 46.3109503931224 46.325507371461 46.3619656960443 46.3890603218724 46.3942686622891 46.3994770027057 46.4421702756224 46.4890452810391 46.5515339760443 46.6296589656277 46.717125039789 46.8890000402057 47.0608750406224 47.1708029125 47.2541362425 47.3171815881171 47.3328066093671 47.3484316306171 47.3640566518671 47.3796816731171 47.4135226529114 47.4656059987447 47.515613555422 47.5468635395886 47.5781135237553 47.558348275 47.51668161 47.4734543306277
38.1038685834057 38.4529961279224 38.8106349865335 39.1682738451447 39.5305983493721 39.8934455650666 40.214656135761 40.4941700214555 40.8046483114004 41.3949260336226 41.9852037558449 42.3459122707668 42.6080650300723 42.8754198681221 43.1549337538166 43.434447639511 43.6608577997946 43.8813438941001 44.1226482909057 44.3848010502112 44.6813777615335 45.2890166101447 45.8966554587558 46.2795838398003 46.566042137717 46.8275305206337 47.0306554885503 47.233780456467 47.2588519431164 47.2640603001997 47.225029795 47.141696465 47.0613038613166 47.007484427011 46.9536649927055 46.96665132 47.008317985 47.0411411502113 47.0532939195168 47.0654466888224 47.1041512925 47.1458179575 47.202230895761 47.2734114564555 47.3541060825 47.5207727425 47.6874394025 47.7702952651997 47.817170287283 47.8536412018779 47.8657939711835 47.877946740489 47.8791664175 47.8791664175 47.9121286268114 47.9781008304225 48.0440730340336 48.1100452376447 48.1760174412558 48.1496763701331 48.083704166522 48.0068076847772
38.300042880767 38.6717336170896 39.0640946951451 39.4564557732007 39.8066462581219 40.1521323640941 40.4559818250663 40.7181346010385 41.0199010569569 41.6796232180681 42.3393453791792 42.7330587750726 43.0125726441003 43.2868844443719 43.5490372203441 43.8111899963163 44.0514765227115 44.2893237267392 44.547989233267 44.8275031022948 45.1431707701451 45.7855318382007 46.4278929062562 46.8576900177177 47.196231644801 47.5098033568844 47.7650116539677 48.020219951051 48.0036623893656 47.9567874172822 47.891696435 47.808363105 47.7262406628441 47.6550601188163 47.5838795747885 47.591651295 47.63331796 47.6713431822948 47.7008570613226 47.7303709403503 47.7708179325 47.8124845975 47.8602232600663 47.9140427110385 47.9791060575 48.1457727175 48.3124393775 48.3588557572822 48.3536474501989 48.3588432306281 48.3883571096559 48.4178709886837 48.4208330625 48.4208330625 48.4711438065341 48.5718382295896 48.6725326526452 48.7732270757007 48.8739214987563 48.8337167031881 48.7330222801326 48.6057974576926
38.5337171106284 38.9264104168784 39.3482853906284 39.7701603643784 40.1217509687567 40.4655009362567 40.7676142587567 41.0280308962568 41.3304830218581 42.0127747081081 42.6950663943581 43.1040613525 43.3957280075 43.6764703043784 43.9316786181284 44.1868869318784 44.4420952456284 44.6973035593784 44.9707278925 45.2623945475 45.591425895 46.258092535 46.924759175 47.3837204756216 47.7535121368716 48.0998945 48.391561155 48.68322781 48.6422155031284 48.5640904968784 48.4885677712568 48.4156510887568 48.3422154556284 48.2640904493784 48.1859654431284 48.191651315 48.23331798 48.274984645 48.31665131 48.358317975 48.4046702481284 48.4515452368784 48.4958179475 48.5374846125 48.591606055 48.758272715 48.924939375 48.9458480975 48.9041814325 48.8874846025 48.9291512675 48.9708179325 48.9703140793716 48.9651057556216 49.0171476081148 49.1265226318648 49.2395302750136 49.3853635650136 49.5311968550136 49.5166964975272 49.4333630925272 49.2938476824864
38.8548914029898 39.264945818962 39.7041819024342 40.1434179859064 40.5279884462573 40.9064606332017 41.2432961751462 41.5384350320906 41.8635003911624 42.4589865288013 43.0544726664402 43.4373946725 43.7290613275 44.0150056981286 44.2875751216009 44.5601445450731 44.8327139685453 45.1052833920175 45.3873945425 45.6790611975 46.008092545 46.674759185 47.341425825 47.7882406146491 48.1406711661769 48.474894485 48.76656114 49.058227795 49.032834217712 48.9720703211842 48.9225829893129 48.8843885262573 48.8439452741009 48.7831813775731 48.7224174810453 48.73331796 48.774984625 48.81665129 48.858317955 48.89998462 48.9619556143787 49.0261917128509 49.0791512575 49.1208179225 49.174939365 49.341606025 49.508272685 49.5291814075 49.4875147425 49.4708179125 49.5124845775 49.5541512425 49.5380286764547 49.5154592429825 49.5327914510307 49.5900831456141 49.6631162122368 49.8783939411257 50.0936716700146 50.197201695307 50.2527571680848 50.1897061508188
39.1760656953511 39.6034812210455 40.06007841424 40.5166756074344 40.9342259237578 41.3474203301466 41.7189780915355 42.0488391679244 42.3965177604667 42.9051983494945 43.4138789385223 43.7707279925 44.0623946475 44.3535410918789 44.6434716250733 44.9334021582678 45.2233326914622 45.5132632246567 45.8040611925 46.0957278475 46.424759195 47.091425835 47.758092475 48.1927607536767 48.5278301954822 48.84989447 49.141561125 49.43322778 49.4234529322955 49.38005014549 49.3565982073689 49.3531259637578 49.3456750925733 49.3022723057678 49.2588695189622 49.274984605 49.31665127 49.358317935 49.3999846 49.441651265 49.5192409806289 49.6008381888233 49.6624845675 49.7041512325 49.758272675 49.924939335 50.091605995 50.1125147175 50.0708480525 50.0541512225 50.0958178875 50.1374845525 50.1057432735378 50.0658127303433 50.0484352939466 50.0536436593633 50.08670214946 50.3714243172378 50.6561464850156 50.8777068930868 51.0721512436423 51.0855646191511
39.4441262772875 39.8716985487582 40.3612818395916 40.8508651304249 41.3029634287583 41.7508800545916 42.1337394397875 42.4514477718709 42.7826489768626 43.2357739931126 43.6888990093626 44.0290613675 44.3207280225 44.6077128143709 44.8837544814542 45.1597961485375 45.4780083787583 45.8009250095916 46.108227925 46.39989458 46.7273690664542 47.3784107185375 48.0294523706209 48.458212855 48.791546175 49.1030308262417 49.3634475054084 49.6238641845751 49.6546854781374 49.6598937768874 49.6703066577125 49.6859316456291 49.6989618745916 49.6885451854249 49.6781284962583 49.7150831772958 49.7723748302125 49.8296664831292 49.8869581360458 49.9442497889625 50.024969535 50.108302865 50.1786247752125 50.2359164281292 50.3041060125 50.4707726725 50.6374393325 50.6802117295916 50.669795040425 50.6796663456291 50.7369579985458 50.7942496514625 50.8046851431375 50.8098934418875 50.8359199831375 50.8827949468875 50.9525035639542 51.2285452310375 51.5045868981208 51.5036888342878 51.3838974130378 51.175151025
39.7062852949262 40.1321027029254 40.6564082132032 41.180713723481 41.6675342412588 42.1501730865365 42.5417317890928 42.842079011454 43.1524593964452 43.5535010835285 43.9545427706119 44.2790613575 44.5707280125 44.8525107306206 45.1111912879817 45.3698718453428 45.7175791795921 46.0752180298699 46.39989458 46.691561235 47.0173058746484 47.6509864170095 48.2846669593706 48.708212845 49.041546165 49.3426266854079 49.5683211451301 49.7940156048523 49.8682083268882 49.9254999548048 49.9706475967405 50.0036336943794 50.0357548715366 50.0600604018143 50.0843659320921 50.1438963299349 50.2185490925739 50.2932018552127 50.3678546178516 50.4425073804905 50.524969515 50.608302845 50.6872990309072 50.7619517935461 50.8457726575 51.0124393175 51.1791059775 51.2461713632032 51.270476893481 51.3098683693794 51.3845211320183 51.4591738946572 51.5182079218882 51.5754995498049 51.6536094202216 51.7525677131382 51.8674403721484 52.1261209295095 52.3848014868706 52.1236125938659 -9999 -9999
40.1976106400649 40.6008648862223 41.0904482770556 41.5800316678889 42.0399394281019 42.4965366962963 42.8750652166019 43.175412413963 43.4875226216204 43.9059253184259 44.3243280152315 44.6601344134074 44.9604816107686 45.2483438306297 45.5070243629908 45.7657048953519 46.0196999795185 46.2731723714629 46.5457281175 46.8373947725 47.1622744875 47.7872744625 -9999 -9999 -9999 49.4624247875 49.6707581125 49.8790914375 49.974969905 50.058303235 50.1208182825 50.1624849475 50.2041516125 50.2458182775 50.2874849425 50.358303215 50.441636545 50.5717883213336 50.8113714138336 51.0509545063336 51.1577786593797 51.2497925317408 51.3374692725 51.4208026025 51.5133040313241 51.6886512336852 51.8639984360464 51.9397443990926 51.9727305217315 52.0182015618704 52.0928543495093 52.1675071371482 52.2265412343611 52.2838329372777 52.3098973534719 52.3046892130552 52.324909435 52.574909425 52.824909415 52.9 -9999 -9999
40.9181029727035 41.2779856987207 41.6634024312207 42.0488191637207 42.4201790118506 42.7899707314339 43.1337395072965 43.4514478143799 43.7878385523161 44.2930467977327 44.7982550431494 45.1722809127132 45.4899892197966 45.7952125493799 46.0712541914632 46.3472958335466 46.3843709586816 46.394787814515 46.5457281175 46.8373947725 47.1622744875 -9999 -9999 -9999 -9999 -9999 -9999 -9999 -9999 -9999 -9999 50.1624849475 50.2041516125 50.2458182775 50.2874849425 50.358303215 50.441636545 50.6654253488381 51.2175084163381 51.7695914838381 51.9233973506299 52.0327723327132 52.1291359075 52.2124692375 52.3067004964632 52.4994088085466 52.6921171206299 52.7609312047868 52.7765562177034 52.8046661481201 52.8619578260368 52.9192495039534 52.9296850656103 52.9348934393603 52.8047833180514 52.5391585318014 52.324909435 -9999 -9999 -9999 -9999 -9999
41.6106447706842 41.9306219193904 42.2274968648071 42.5243718102237 42.8134374462398 43.1016319076287 43.4106446915175 43.7405058179064 44.0954498433977 44.6770470565921 45.2586442697865 45.6568291038479 45.9762736494034 46.2873948425 46.5790614975 46.8707281525 46.9 -9999 -9999 -9999 -9999 -9999 -9999 -9999 -9999 -9999 -9999 -9999 -9999 -9999 -9999 -9999 -9999 -9999 -9999 -9999 -9999 -9999 -9999 52.5 52.6124547975 52.7374547925 52.841636525 52.924969855 53.0217958521142 53.2405457579476 53.4592956637809 53.523785155481 53.5220490586754 53.5307170768492 53.5637032578215 53.5966894387937 53.5625150875 53.5208484225 53.5 -9999 -9999 -9999 -9999 -9999 -9999 -9999
42.0516294759615 42.3628948156412 42.7118530902245 43.0608113648078 43.3238665987393 43.5773388406837 43.8516294051282 44.1467683120726 44.4687199732585 45.0329560767307 45.597192180203 45.8929902694014 46.0735459371792 46.2873948425 46.5790614975 46.8707281525 46.9 -9999 -9999 -9999 -9999 -9999 -9999 -9999 -9999 -9999 -9999 -9999 -9999 -9999 -9999 -9999 -9999 -9999 -9999 -9999 -9999 -9999 -9999 52.5 52.6124547975 52.7374547925 52.841636525 52.924969855 53.0321748329491 53.3550913971157 53.6780079612824 53.7616386511752 53.7425414446474 53.713040158098 53.6592207904591 53.6054014228202 53.5625150875 53.5208484225 53.5 -9999 -9999 -9999 -9999 -9999 -9999 -9999
42.4926141812387 42.7951677118919 43.1962093156419 43.5972509193919 43.8342957512387 44.0530457737387 44.2926141187387 44.5530308062387 44.8419901031194 45.3888650968694 45.9357400906194 46.1291514349549 46.1708182249549 -9999 -9999 -9999 -9999 -9999 -9999 -9999 -9999 -9999 -9999 -9999 -9999 -9999 -9999 -9999 -9999 -9999 -9999 -9999 -9999 -9999 -9999 -9999 -9999 -9999 -9999 -9999 52.6124547975 52.7374547925 52.841636525 52.924969855 53.0425538137839 53.4696370362839 53.8967202587839 53.9994921468693 53.9630338306193 53.8953632393467 53.7547383230967 53.6141134068467 53.5625150875 53.5208484225 -9999 -9999 -9999 -9999 -9999 -9999 -9999 -9999
43.0296100772741 43.3040161325 43.7206827825 44.1373494325 44.3556580118691 44.5518385758969 44.7627654598494 44.9884599279049 45.2359505813419 45.6803951385641 46.1248396957863 46.2704797976271 -9999 -9999 -9999 -9999 -9999 -9999 -9999 -9999 -9999 -9999 -9999 -9999 -9999 -9999 -9999 -9999 -9999 -9999 -9999 -9999 -9999 -9999 -9999 -9999 -9999 -9999 -9999 -9999 -9999 -9999 -9999 -9999 -9999 -9999 -9999 54.0708484125 54.0291817475 54 -9999 -9999 -9999 -9999 -9999 -9999 -9999 -9999 -9999 -9999 -9999 -9999
43.60775380519 43.8456827775 44.2623494275 44.6790160775 44.8817059106189 45.0605253649245 45.24541683846 45.4363890870711 45.6387783902288 45.9443340696732 46.2498897491176 46.3295200890155 -9999 -9999 -9999 -9999 -9999 -9999 -9999 -9999 -9999 -9999 -9999 -9999 -9999 -9999 -9999 -9999 -9999 -9999 -9999 -9999 -9999 -9999 -9999 -9999 -9999 -9999 -9999 -9999 -9999 -9999 -9999 -9999 -9999 -9999 -9999 -9999 -9999 -9999 -9999 -9999 -9999 -9999 -9999 -9999 -9999 -9999 -9999 -9999 -9999 -9999
44.2822494970707 44.4686216499236 44.8227885149235 45.1769553799235 45.3436971549745 45.4895305533078 45.6457730775 45.8124397375 45.98325805 46.191591375 46.3999247 46.5171591885098 -9999 -9999 -9999 -9999 -9999 -9999 -9999 -9999 -9999 -9999 -9999 -9999 -9999 -9999 -9999 -9999 -9999 -9999 -9999 -9999 -9999 -9999 -9999 -9999 -9999 -9999 -9999 -9999 -9999 -9999 -9999 -9999 -9999 -9999 -9999 -9999 -9999 -9999 -9999 -9999 -9999 -9999 -9999 -9999 -9999 -9999 -9999 -9999 -9999 -9999
45.1815675173479 45.2811966299205 45.4270301782538 45.5728637265872 45.6562221549735 45.7326111144179 45.8541064025 46.0207730625 46.191591375 46.3999247 46.608258025 46.6647599169807 -9999 -9999 -9999 -9999 -9999 -9999 -9999 -9999 -9999 -9999 -9999 -9999 -9999 -9999 -9999 -9999 -9999 -9999 -9999 -9999 -9999 -9999 -9999 -9999 -9999 -9999 -9999 -9999 -9999 -9999 -9999 -9999 -9999 -9999 -9999 -9999 -9999 -9999 -9999 -9999 -9999 -9999 -9999 -9999 -9999 -9999 -9999 -9999 -9999 -9999
